100 100
1 74
98 35
1 14
1 23
1 31
1 42
1 44
1 45
1 51
1 55
1 56
1 59
1 61
1 64
1 66
1 72
1 75
1 80
1 87
1 94
1 97
2 5
2 15
2 17
2 20
2 23
2 26
2 27
2 28
2 29
2 32
2 42
2 43
2 49
2 52
2 56
2 63
2 66
2 77
2 81
2 83
2 84
2 88
2 90
2 93
2 95
3 1
3 7
3 12
3 13
3 14
3 19
3 29
3 33
3 34
3 37
3 39
3 40
3 41
3 43
3 50
3 54
3 60
3 65
3 72
3 90
3 91
4 6
4 12
4 25
4 27
4 36
4 41
4 43
4 45
4 52
4 65
4 68
4 72
4 77
4 80
4 83
4 85
4 88
4 89
4 96
4 97
5 1
5 3
5 8
5 12
5 17
5 18
5 21
5 28
5 29
5 31
5 32
5 44
5 46
5 50
5 57
5 63
5 66
5 70
5 71
5 73
5 78
5 83
5 85
5 91
5 94
6 4
6 8
6 13
6 18
6 28
6 35
6 53
6 66
6 70
6 84
6 91
6 92
6 93
7 1
7 4
7 5
7 9
7 10
7 11
7 12
7 15
7 19
7 20
7 33
7 36
7 54
7 60
7 63
7 65
7 66
7 78
7 85
7 95
7 97
7 98
8 3
8 26
8 37
8 38
8 42
8 46
8 50
8 52
8 58
8 68
8 74
8 84
8 86
8 87
8 92
8 96
8 97
9 3
9 10
9 18
9 23
9 27
9 37
9 38
9 40
9 57
9 61
9 63
9 68
9 74
9 79
9 83
9 85
9 88
9 97
9 98
10 8
10 9
10 11
10 13
10 14
10 17
10 18
10 20
10 23
10 24
10 25
10 32
10 35
10 48
10 50
10 53
10 55
10 59
10 61
10 62
10 81
10 86
10 91
10 95
11 2
11 3
11 6
11 9
11 11
11 23
11 24
11 26
11 32
11 42
11 44
11 46
11 52
11 56
11 63
11 68
11 70
11 72
11 73
11 90
11 92
11 93
11 94
11 95
11 97
11 98
12 4
12 6
12 11
12 12
12 13
12 15
12 16
12 21
12 26
12 38
12 39
12 47
12 51
12 52
12 53
12 59
12 61
12 66
12 70
12 75
12 77
12 80
12 93
13 10
13 25
13 28
13 29
13 32
13 35
13 36
13 39
13 41
13 51
13 52
13 69
13 70
13 73
13 78
13 81
13 85
13 91
13 94
14 1
14 9
14 13
14 18
14 20
14 39
14 40
14 44
14 55
14 56
14 63
14 82
14 89
14 96
14 97
14 98
15 2
15 5
15 8
15 15
15 16
15 18
15 23
15 28
15 31
15 34
15 38
15 41
15 42
15 46
15 47
15 53
15 56
15 63
15 65
15 69
15 71
15 75
15 77
15 78
15 79
15 81
15 95
16 3
16 7
16 8
16 16
16 20
16 24
16 39
16 40
16 46
16 47
16 50
16 59
16 60
16 65
16 66
16 74
16 75
16 77
16 87
16 88
16 96
16 98
17 4
17 8
17 13
17 21
17 30
17 34
17 40
17 43
17 45
17 48
17 51
17 60
17 64
17 65
17 66
17 69
17 71
17 76
17 81
17 87
17 89
17 95
17 97
18 1
18 3
18 11
18 12
18 14
18 20
18 23
18 24
18 25
18 29
18 48
18 61
18 68
18 76
18 81
18 83
18 91
18 92
19 1
19 4
19 5
19 11
19 12
19 13
19 16
19 21
19 22
19 23
19 25
19 42
19 44
19 51
19 59
19 60
19 61
19 77
19 81
19 82
19 87
19 91
19 98
20 2
20 5
20 7
20 10
20 23
20 27
20 30
20 32
20 35
20 42
20 51
20 56
20 58
20 61
20 64
20 70
20 74
20 82
20 84
20 89
20 94
20 96
20 98
21 6
21 15
21 25
21 34
21 35
21 39
21 41
21 46
21 59
21 65
21 66
21 67
21 73
21 75
21 87
21 89
21 92
21 93
21 94
22 2
22 14
22 15
22 17
22 21
22 22
22 24
22 27
22 33
22 35
22 37
22 41
22 42
22 44
22 45
22 54
22 55
22 65
22 68
22 89
22 91
22 95
22 97
23 4
23 7
23 10
23 18
23 19
23 27
23 32
23 33
23 36
23 38
23 42
23 45
23 51
23 53
23 67
23 73
23 79
23 88
23 91
23 93
23 98
24 3
24 8
24 12
24 13
24 16
24 18
24 19
24 28
24 31
24 34
24 36
24 46
24 47
24 50
24 53
24 58
24 69
24 83
24 88
24 92
25 2
25 4
25 5
25 6
25 11
25 16
25 17
25 28
25 29
25 30
25 31
25 35
25 40
25 43
25 44
25 53
25 55
25 60
25 62
25 64
25 76
25 79
25 80
25 82
25 83
25 86
25 87
25 92
25 95
26 5
26 7
26 12
26 16
26 25
26 26
26 27
26 33
26 37
26 41
26 43
26 58
26 60
26 61
26 63
26 65
26 68
26 76
26 81
26 83
26 84
26 89
26 90
26 93
26 94
26 97
27 6
27 18
27 21
27 26
27 27
27 30
27 31
27 37
27 38
27 43
27 55
27 60
27 70
27 73
27 74
27 79
27 81
27 82
27 83
27 90
27 92
27 95
28 3
28 9
28 11
28 12
28 13
28 22
28 26
28 29
28 36
28 42
28 43
28 47
28 48
28 50
28 52
28 56
28 57
28 59
28 69
28 70
28 71
28 83
28 87
28 91
29 3
29 4
29 9
29 12
29 14
29 19
29 21
29 23
29 25
29 39
29 42
29 51
29 56
29 59
29 65
29 71
29 72
29 81
29 84
29 88
29 92
29 96
29 98
30 6
30 8
30 11
30 22
30 26
30 28
30 29
30 35
30 38
30 39
30 40
30 41
30 44
30 51
30 52
30 63
30 64
30 70
30 77
30 78
30 83
30 88
30 90
30 93
30 97
30 98
31 7
31 16
31 18
31 23
31 25
31 32
31 35
31 36
31 41
31 42
31 43
31 54
31 56
31 58
31 63
31 67
31 72
31 75
31 76
31 77
31 80
31 88
31 89
31 94
32 25
32 26
32 32
32 39
32 41
32 42
32 44
32 46
32 47
32 52
32 53
32 63
32 67
32 70
32 72
32 74
32 77
32 81
32 84
32 89
32 94
32 95
32 96
33 7
33 11
33 14
33 15
33 17
33 20
33 22
33 24
33 30
33 38
33 50
33 51
33 52
33 53
33 55
33 65
33 72
33 74
33 78
33 85
33 89
33 94
34 2
34 12
34 15
34 17
34 19
34 22
34 23
34 26
34 27
34 31
34 37
34 46
34 48
34 51
34 52
34 56
34 59
34 63
34 64
34 67
34 68
34 70
34 73
34 76
34 77
34 87
34 88
34 96
35 21
35 24
35 26
35 30
35 38
35 46
35 49
35 53
35 61
35 63
35 65
35 68
35 71
35 74
35 75
35 77
35 79
35 80
35 82
35 85
36 1
36 5
36 8
36 10
36 11
36 12
36 21
36 23
36 29
36 32
36 41
36 43
36 45
36 46
36 49
36 53
36 56
36 58
36 59
36 71
36 80
36 85
36 88
36 90
36 93
37 10
37 20
37 21
37 22
37 35
37 39
37 40
37 42
37 43
37 44
37 62
37 64
37 67
37 71
37 80
37 81
37 83
37 92
37 96
38 9
38 11
38 18
38 29
38 39
38 41
38 48
38 51
38 52
38 54
38 58
38 60
38 65
38 70
38 72
38 78
38 80
38 88
38 93
39 5
39 7
39 8
39 13
39 15
39 25
39 27
39 28
39 29
39 33
39 36
39 41
39 46
39 53
39 54
39 58
39 59
39 63
39 66
39 77
39 82
39 84
39 86
39 88
39 89
39 96
39 98
40 1
40 6
40 12
40 20
40 29
40 31
40 32
40 38
40 39
40 48
40 49
40 50
40 61
40 67
40 71
40 72
40 79
40 83
40 84
40 88
40 96
41 8
41 12
41 14
41 20
41 21
41 24
41 26
41 41
41 42
41 44
41 45
41 49
41 63
41 66
41 72
41 76
41 79
41 84
41 86
41 89
41 91
41 93
42 3
42 7
42 9
42 11
42 14
42 16
42 28
42 30
42 35
42 46
42 52
42 58
42 62
42 63
42 64
42 66
42 68
42 72
42 73
42 79
42 80
42 87
42 94
42 97
43 3
43 5
43 6
43 12
43 15
43 19
43 28
43 30
43 32
43 33
43 41
43 46
43 47
43 54
43 68
43 72
43 81
43 84
43 85
43 86
43 92
43 96
44 2
44 4
44 6
44 11
44 12
44 13
44 14
44 16
44 20
44 32
44 39
44 43
44 47
44 54
44 55
44 62
44 68
44 72
44 75
44 76
44 78
44 86
44 96
45 6
45 9
45 14
45 26
45 29
45 31
45 33
45 37
45 40
45 41
45 44
45 48
45 49
45 55
45 57
45 59
45 62
45 76
45 77
45 85
45 86
45 93
45 94
45 98
46 1
46 3
46 8
46 9
46 11
46 13
46 20
46 26
46 29
46 37
46 45
46 49
46 61
46 68
46 69
46 70
46 71
46 77
46 79
46 81
46 92
46 93
46 98
47 4
47 11
47 15
47 18
47 20
47 23
47 26
47 27
47 31
47 36
47 40
47 42
47 44
47 48
47 51
47 52
47 55
47 58
47 60
47 61
47 72
47 76
47 79
47 80
47 81
47 85
48 1
48 5
48 9
48 17
48 18
48 20
48 22
48 24
48 33
48 37
48 41
48 45
48 50
48 52
48 53
48 54
48 56
48 61
48 63
48 69
48 77
48 83
48 84
48 87
48 92
49 3
49 11
49 12
49 19
49 22
49 29
49 30
49 34
49 37
49 41
49 53
49 55
49 63
49 67
49 69
49 75
49 82
49 83
49 86
49 87
49 88
49 95
49 97
50 17
50 20
50 21
50 29
50 37
50 39
50 41
50 49
50 52
50 57
50 61
50 63
50 73
50 74
50 77
50 78
50 85
50 95
51 1
51 4
51 8
51 14
51 17
51 20
51 22
51 30
51 32
51 37
51 38
51 40
51 41
51 43
51 49
51 60
51 64
51 66
51 73
51 76
51 81
51 82
51 89
51 90
51 91
51 92
51 98
52 3
52 6
52 13
52 14
52 16
52 18
52 34
52 40
52 43
52 46
52 49
52 50
52 56
52 58
52 64
52 65
52 66
52 69
52 70
52 74
52 75
52 81
52 84
52 88
52 90
53 3
53 9
53 11
53 16
53 21
53 25
53 26
53 30
53 31
53 33
53 35
53 37
53 41
53 42
53 43
53 46
53 48
53 49
53 53
53 58
53 59
53 62
53 72
53 73
53 76
53 77
53 80
53 83
53 84
54 8
54 15
54 29
54 34
54 36
54 43
54 56
54 57
54 64
54 73
54 82
54 83
54 88
54 94
54 97
55 1
55 3
55 4
55 5
55 20
55 24
55 32
55 36
55 37
55 45
55 55
55 58
55 62
55 69
55 70
55 72
55 73
55 74
55 82
55 87
56 6
56 7
56 8
56 15
56 17
56 18
56 27
56 31
56 32
56 36
56 37
56 41
56 42
56 44
56 52
56 63
56 68
56 72
56 74
56 80
56 81
56 86
56 88
56 91
56 95
57 1
57 3
57 9
57 36
57 40
57 44
57 55
57 58
57 63
57 64
57 70
57 71
57 73
57 75
57 77
57 94
57 95
58 2
58 4
58 12
58 17
58 18
58 19
58 21
58 28
58 35
58 36
58 40
58 43
58 57
58 62
58 63
58 65
58 68
58 69
58 75
58 80
58 88
58 94
58 96
59 1
59 2
59 16
59 20
59 21
59 24
59 30
59 35
59 36
59 41
59 45
59 47
59 49
59 55
59 58
59 64
59 68
59 69
59 74
59 81
59 97
59 98
60 8
60 10
60 17
60 19
60 26
60 27
60 36
60 38
60 42
60 44
60 46
60 47
60 48
60 50
60 51
60 52
60 59
60 78
60 79
60 81
60 84
60 90
60 98
61 1
61 5
61 6
61 7
61 23
61 32
61 33
61 39
61 55
61 59
61 73
61 74
61 75
61 79
61 81
61 82
61 83
61 86
61 92
61 97
62 4
62 5
62 6
62 7
62 9
62 12
62 14
62 26
62 27
62 28
62 29
62 32
62 33
62 46
62 49
62 58
62 60
62 65
62 67
62 76
62 82
62 84
63 2
63 8
63 9
63 16
63 18
63 19
63 28
63 34
63 36
63 40
63 44
63 62
63 66
63 69
63 77
63 79
63 82
63 94
63 95
64 1
64 3
64 4
64 6
64 15
64 16
64 22
64 32
64 40
64 41
64 43
64 50
64 58
64 64
64 69
64 73
64 74
64 75
64 77
64 78
64 94
64 97
65 5
65 10
65 16
65 20
65 31
65 32
65 33
65 43
65 60
65 62
65 63
65 72
65 83
65 85
65 86
65 88
65 90
65 94
66 11
66 13
66 17
66 21
66 22
66 27
66 34
66 39
66 49
66 50
66 55
66 61
66 67
66 74
66 79
66 83
66 84
66 87
66 88
66 90
67 16
67 18
67 20
67 27
67 36
67 38
67 39
67 46
67 54
67 55
67 59
67 60
67 68
67 77
67 79
67 84
67 87
67 89
67 90
67 92
67 94
67 98
68 11
68 18
68 21
68 28
68 41
68 47
68 50
68 53
68 64
68 66
68 67
68 74
68 81
68 83
68 87
68 88
68 90
69 1
69 2
69 3
69 5
69 6
69 8
69 9
69 11
69 12
69 19
69 20
69 21
69 32
69 35
69 46
69 47
69 58
69 59
69 66
69 67
69 74
69 75
69 78
69 83
69 84
69 88
69 91
69 96
70 2
70 8
70 11
70 13
70 22
70 27
70 38
70 42
70 46
70 48
70 50
70 54
70 60
70 62
70 64
70 69
70 76
70 81
70 83
70 84
70 88
70 93
70 95
71 2
71 3
71 4
71 9
71 10
71 14
71 15
71 20
71 21
71 26
71 35
71 36
71 40
71 49
71 51
71 53
71 61
71 64
71 66
71 70
71 77
71 79
71 83
71 85
71 87
71 91
71 96
72 18
72 22
72 27
72 30
72 36
72 41
72 42
72 49
72 50
72 51
72 54
72 55
72 60
72 64
72 65
72 71
72 74
72 77
72 80
72 81
72 87
72 89
72 91
72 93
72 96
73 2
73 15
73 29
73 30
73 31
73 35
73 43
73 46
73 50
73 51
73 58
73 59
73 62
73 65
73 68
73 70
73 71
73 88
73 90
73 93
73 98
74 5
74 22
74 23
74 24
74 25
74 26
74 27
74 34
74 35
74 45
74 48
74 49
74 51
74 55
74 56
74 57
74 58
74 59
74 74
74 80
74 81
74 89
74 91
74 93
74 94
74 96
75 8
75 10
75 12
75 14
75 18
75 20
75 21
75 26
75 27
75 28
75 30
75 31
75 39
75 46
75 49
75 58
75 68
75 71
75 74
75 75
75 78
75 79
75 82
75 83
75 85
75 86
75 87
75 90
75 95
76 5
76 7
76 10
76 19
76 25
76 27
76 31
76 34
76 56
76 60
76 61
76 66
76 70
76 73
76 74
76 77
76 95
77 2
77 5
77 8
77 11
77 20
77 23
77 26
77 28
77 29
77 31
77 32
77 34
77 43
77 44
77 45
77 46
77 59
77 60
77 69
77 76
77 77
77 87
78 5
78 6
78 7
78 8
78 11
78 15
78 16
78 22
78 23
78 26
78 29
78 30
78 32
78 36
78 40
78 53
78 55
78 57
78 61
78 76
78 77
78 78
78 82
78 86
78 87
78 88
78 89
78 91
78 93
78 96
79 2
79 8
79 10
79 21
79 23
79 25
79 26
79 33
79 34
79 49
79 55
79 56
79 63
79 64
79 66
79 71
79 73
79 75
79 76
79 78
79 79
79 84
79 89
79 92
79 94
80 4
80 11
80 12
80 16
80 20
80 22
80 24
80 27
80 28
80 34
80 41
80 42
80 44
80 47
80 50
80 56
80 58
80 59
80 64
80 65
80 69
80 72
80 74
80 85
80 97
81 3
81 4
81 6
81 19
81 21
81 30
81 35
81 38
81 48
81 52
81 63
81 67
81 68
81 82
81 85
81 87
81 92
81 94
82 8
82 12
82 19
82 23
82 40
82 43
82 45
82 51
82 53
82 55
82 62
82 63
82 70
82 73
82 81
82 84
82 87
82 88
82 89
82 92
82 95
82 97
82 98
83 7
83 8
83 13
83 20
83 24
83 37
83 40
83 49
83 50
83 52
83 56
83 57
83 63
83 67
83 70
83 73
83 81
83 88
83 89
83 95
84 8
84 16
84 24
84 28
84 29
84 30
84 32
84 36
84 38
84 41
84 49
84 52
84 54
84 62
84 67
84 72
84 81
84 93
84 95
85 7
85 18
85 30
85 31
85 38
85 40
85 42
85 43
85 47
85 48
85 53
85 55
85 59
85 67
85 72
85 79
85 86
85 95
85 96
86 3
86 9
86 11
86 14
86 20
86 21
86 24
86 33
86 34
86 37
86 46
86 48
86 56
86 57
86 60
86 63
86 64
86 67
86 72
86 75
86 76
86 78
86 79
86 81
86 82
86 84
86 87
86 94
86 97
86 98
87 1
87 3
87 6
87 14
87 23
87 26
87 27
87 30
87 31
87 39
87 46
87 55
87 58
87 67
87 71
87 74
87 83
87 92
87 95
88 2
88 5
88 6
88 7
88 8
88 12
88 21
88 24
88 27
88 29
88 30
88 31
88 32
88 37
88 41
88 48
88 49
88 50
88 53
88 55
88 58
88 65
88 66
88 72
88 79
88 82
88 84
88 88
88 90
88 98
89 12
89 14
89 21
89 26
89 27
89 28
89 29
89 30
89 38
89 41
89 44
89 47
89 48
89 50
89 51
89 52
89 54
89 55
89 57
89 58
89 67
89 68
89 70
89 71
89 72
89 77
89 78
89 85
89 86
89 88
89 91
89 93
89 98
90 3
90 13
90 16
90 17
90 39
90 40
90 45
90 48
90 53
90 60
90 63
90 64
90 65
90 67
90 68
90 76
90 80
90 86
90 90
90 92
90 94
91 5
91 6
91 9
91 16
91 25
91 26
91 33
91 46
91 47
91 51
91 56
91 60
91 63
91 64
91 66
91 70
91 75
91 81
91 87
91 90
91 91
92 7
92 15
92 20
92 22
92 24
92 31
92 35
92 36
92 39
92 45
92 50
92 55
92 56
92 65
92 68
92 70
92 72
92 76
92 77
92 82
92 84
92 87
92 98
93 10
93 13
93 15
93 19
93 26
93 28
93 29
93 31
93 33
93 34
93 36
93 38
93 42
93 43
93 45
93 54
93 60
93 62
93 70
93 76
93 78
93 82
94 5
94 16
94 23
94 26
94 27
94 28
94 35
94 43
94 45
94 46
94 47
94 60
94 68
94 81
94 86
94 89
95 1
95 10
95 12
95 21
95 26
95 45
95 47
95 53
95 60
95 62
95 77
95 80
95 81
95 86
95 89
95 90
95 91
95 94
95 97
96 11
96 12
96 18
96 20
96 26
96 30
96 36
96 38
96 39
96 41
96 52
96 53
96 59
96 61
96 63
96 72
96 76
96 77
96 89
96 91
96 92
96 94
96 95
96 98
97 1
97 6
97 21
97 23
97 25
97 29
97 36
97 39
97 41
97 55
97 59
97 64
97 68
97 70
97 71
97 72
97 78
97 80
97 89
97 95
98 4
98 5
98 8
98 20
98 22
98 24
98 30
98 36
98 41
98 44
98 51
98 52
98 63
98 64
98 67
98 70
98 73
98 81
98 82
98 84
98 87
98 93
98 97
