100 100
12 44
98 91
1 2
1 3
1 17
1 19
1 20
1 21
1 22
1 23
1 26
1 27
1 32
1 33
1 34
1 35
1 36
1 39
1 41
1 45
1 47
1 50
1 53
1 55
1 57
1 58
1 59
1 64
1 68
1 70
1 71
1 72
1 73
1 74
1 75
1 77
1 79
1 82
1 83
1 84
1 89
1 91
1 94
1 97
1 98
2 3
2 4
2 6
2 15
2 19
2 23
2 24
2 25
2 26
2 31
2 33
2 35
2 36
2 41
2 47
2 48
2 49
2 50
2 51
2 52
2 53
2 56
2 57
2 58
2 60
2 61
2 62
2 63
2 67
2 69
2 72
2 74
2 75
2 76
2 77
2 78
2 81
2 91
2 94
2 95
2 96
2 97
3 1
3 2
3 3
3 5
3 8
3 9
3 12
3 14
3 21
3 22
3 26
3 30
3 33
3 34
3 35
3 40
3 41
3 48
3 49
3 50
3 54
3 56
3 64
3 78
3 80
3 86
3 88
3 90
3 94
3 98
4 3
4 4
4 7
4 11
4 13
4 14
4 16
4 24
4 29
4 32
4 33
4 34
4 36
4 37
4 46
4 51
4 52
4 55
4 58
4 59
4 62
4 63
4 65
4 69
4 74
4 81
4 83
4 84
4 85
4 89
4 90
4 94
4 98
5 1
5 2
5 4
5 5
5 6
5 8
5 10
5 11
5 14
5 15
5 17
5 20
5 24
5 25
5 26
5 28
5 33
5 39
5 40
5 41
5 45
5 48
5 51
5 54
5 57
5 61
5 62
5 63
5 69
5 70
5 74
5 78
5 80
5 81
5 85
5 88
5 89
5 90
5 93
5 95
5 98
6 1
6 2
6 4
6 5
6 8
6 14
6 18
6 20
6 24
6 28
6 30
6 33
6 35
6 37
6 40
6 41
6 42
6 43
6 44
6 48
6 50
6 52
6 53
6 54
6 55
6 56
6 57
6 58
6 60
6 64
6 65
6 75
6 77
6 78
6 79
6 80
6 82
6 84
6 89
6 92
6 93
6 94
7 3
7 11
7 12
7 13
7 14
7 15
7 16
7 17
7 22
7 23
7 24
7 27
7 28
7 29
7 30
7 35
7 36
7 37
7 39
7 41
7 45
7 47
7 49
7 50
7 52
7 53
7 54
7 56
7 57
7 59
7 64
7 65
7 67
7 69
7 70
7 73
7 74
7 76
7 78
7 80
7 82
7 83
7 86
7 88
7 90
7 92
7 94
7 95
7 98
8 6
8 8
8 10
8 11
8 13
8 14
8 15
8 16
8 18
8 22
8 23
8 26
8 31
8 33
8 37
8 40
8 41
8 43
8 49
8 54
8 55
8 56
8 57
8 58
8 60
8 61
8 63
8 65
8 66
8 72
8 73
8 80
8 81
8 82
8 84
8 85
8 88
8 89
8 93
8 94
8 95
8 96
8 98
9 9
9 10
9 13
9 16
9 18
9 20
9 23
9 24
9 28
9 29
9 32
9 34
9 35
9 36
9 37
9 42
9 44
9 45
9 48
9 50
9 51
9 53
9 55
9 61
9 63
9 65
9 66
9 67
9 69
9 70
9 72
9 74
9 78
9 81
9 86
9 87
9 91
9 92
10 1
10 2
10 9
10 12
10 14
10 15
10 17
10 18
10 29
10 34
10 37
10 42
10 44
10 45
10 46
10 49
10 53
10 55
10 58
10 60
10 61
10 65
10 67
10 70
10 72
10 75
10 78
10 80
10 85
10 87
10 88
10 90
10 91
10 92
10 93
10 94
10 95
10 97
11 1
11 2
11 4
11 5
11 7
11 9
11 14
11 21
11 23
11 26
11 27
11 28
11 30
11 31
11 33
11 38
11 39
11 42
11 43
11 45
11 49
11 57
11 60
11 61
11 62
11 70
11 74
11 75
11 81
11 82
11 85
11 88
11 90
11 92
11 94
11 95
11 97
12 3
12 6
12 7
12 9
12 10
12 11
12 15
12 17
12 20
12 21
12 22
12 23
12 24
12 25
12 29
12 32
12 35
12 46
12 47
12 48
12 54
12 56
12 57
12 62
12 63
12 65
12 68
12 71
12 72
12 74
12 75
12 77
12 83
12 87
12 88
12 89
12 91
12 94
12 96
13 1
13 2
13 3
13 4
13 7
13 10
13 13
13 14
13 15
13 20
13 21
13 26
13 27
13 29
13 30
13 31
13 32
13 33
13 37
13 39
13 41
13 42
13 47
13 50
13 51
13 58
13 62
13 63
13 65
13 66
13 67
13 68
13 69
13 70
13 71
13 72
13 73
13 76
13 77
13 78
13 81
13 82
13 85
13 86
13 93
13 98
14 6
14 8
14 14
14 15
14 16
14 17
14 20
14 28
14 30
14 33
14 34
14 38
14 40
14 43
14 46
14 49
14 59
14 62
14 64
14 68
14 69
14 70
14 71
14 74
14 75
14 78
14 84
14 89
14 92
14 94
15 3
15 4
15 10
15 12
15 16
15 17
15 21
15 22
15 24
15 25
15 36
15 37
15 40
15 45
15 46
15 47
15 48
15 49
15 50
15 53
15 55
15 63
15 64
15 65
15 66
15 67
15 69
15 71
15 72
15 75
15 76
15 79
15 82
15 86
15 91
15 93
15 94
15 97
16 2
16 3
16 5
16 6
16 11
16 12
16 13
16 17
16 19
16 21
16 26
16 28
16 29
16 32
16 33
16 36
16 37
16 38
16 39
16 41
16 43
16 45
16 47
16 52
16 53
16 56
16 58
16 59
16 61
16 63
16 64
16 68
16 70
16 71
16 74
16 75
16 79
16 80
16 84
16 86
16 87
16 89
16 90
16 92
16 95
17 4
17 5
17 6
17 9
17 11
17 12
17 13
17 15
17 20
17 23
17 26
17 27
17 30
17 35
17 36
17 37
17 41
17 44
17 48
17 49
17 53
17 55
17 56
17 59
17 60
17 63
17 68
17 69
17 73
17 74
17 77
17 80
17 82
17 86
17 88
17 89
17 93
17 95
17 98
18 8
18 9
18 11
18 15
18 16
18 18
18 19
18 21
18 22
18 23
18 24
18 25
18 28
18 32
18 33
18 40
18 44
18 47
18 50
18 53
18 54
18 55
18 59
18 61
18 63
18 64
18 69
18 70
18 71
18 75
18 77
18 79
18 84
18 87
18 88
18 92
18 97
19 2
19 3
19 4
19 5
19 8
19 11
19 12
19 15
19 16
19 18
19 21
19 22
19 27
19 30
19 31
19 33
19 38
19 41
19 43
19 44
19 45
19 49
19 53
19 62
19 65
19 66
19 68
19 69
19 70
19 77
19 80
19 81
19 82
19 83
19 84
19 85
19 87
19 88
19 93
19 98
20 1
20 4
20 5
20 10
20 12
20 13
20 16
20 21
20 22
20 23
20 24
20 28
20 29
20 32
20 34
20 36
20 39
20 41
20 43
20 44
20 51
20 54
20 61
20 62
20 63
20 67
20 70
20 74
20 76
20 79
20 82
20 83
20 87
20 88
20 93
20 94
20 96
21 1
21 3
21 7
21 9
21 10
21 12
21 13
21 16
21 19
21 21
21 25
21 26
21 28
21 29
21 31
21 36
21 38
21 39
21 41
21 43
21 44
21 49
21 53
21 55
21 57
21 60
21 61
21 63
21 67
21 71
21 72
21 74
21 76
21 78
21 81
21 83
21 84
21 87
21 90
21 91
21 94
21 96
22 3
22 5
22 14
22 15
22 17
22 18
22 19
22 21
22 25
22 28
22 29
22 30
22 34
22 35
22 37
22 40
22 44
22 45
22 46
22 47
22 48
22 50
22 52
22 53
22 55
22 56
22 59
22 61
22 64
22 65
22 69
22 72
22 74
22 76
22 79
22 81
22 82
22 83
22 85
22 87
22 89
22 93
22 96
23 5
23 8
23 9
23 11
23 12
23 13
23 15
23 16
23 18
23 19
23 20
23 23
23 25
23 27
23 32
23 36
23 39
23 41
23 43
23 46
23 48
23 55
23 59
23 63
23 64
23 68
23 71
23 75
23 76
23 77
23 78
23 84
23 86
23 88
23 91
23 93
23 94
23 95
24 6
24 11
24 13
24 21
24 22
24 23
24 25
24 28
24 32
24 33
24 35
24 38
24 39
24 50
24 54
24 57
24 61
24 64
24 65
24 67
24 75
24 81
24 84
24 87
24 91
24 92
24 93
24 94
24 97
25 2
25 3
25 4
25 6
25 9
25 10
25 11
25 13
25 16
25 17
25 19
25 25
25 26
25 35
25 37
25 40
25 42
25 43
25 46
25 48
25 50
25 51
25 53
25 57
25 62
25 64
25 65
25 67
25 68
25 70
25 73
25 75
25 76
25 77
25 81
25 82
25 84
25 87
25 90
25 93
25 95
26 1
26 3
26 6
26 7
26 8
26 9
26 11
26 12
26 14
26 16
26 17
26 21
26 24
26 30
26 32
26 39
26 48
26 49
26 51
26 58
26 59
26 64
26 65
26 67
26 68
26 69
26 70
26 71
26 74
26 76
26 78
26 79
26 80
26 81
26 84
26 85
26 88
26 90
26 91
26 93
26 97
27 1
27 2
27 4
27 5
27 6
27 7
27 8
27 9
27 10
27 11
27 12
27 16
27 24
27 25
27 26
27 27
27 35
27 37
27 41
27 44
27 45
27 47
27 48
27 50
27 51
27 52
27 53
27 54
27 55
27 57
27 59
27 61
27 63
27 65
27 66
27 68
27 69
27 70
27 73
27 74
27 77
27 79
27 80
27 83
27 86
27 87
27 89
27 90
27 91
27 92
27 93
27 94
27 96
28 1
28 3
28 5
28 7
28 9
28 10
28 11
28 12
28 13
28 15
28 16
28 19
28 23
28 30
28 31
28 32
28 33
28 41
28 43
28 44
28 48
28 49
28 50
28 51
28 52
28 56
28 59
28 61
28 62
28 63
28 65
28 67
28 69
28 71
28 72
28 73
28 74
28 78
28 81
28 84
28 85
28 86
28 87
28 94
28 97
29 1
29 2
29 4
29 7
29 8
29 10
29 11
29 13
29 16
29 18
29 19
29 20
29 21
29 24
29 25
29 29
29 31
29 32
29 40
29 42
29 48
29 49
29 52
29 53
29 54
29 56
29 60
29 62
29 63
29 65
29 68
29 69
29 72
29 73
29 75
29 77
29 79
29 80
29 81
29 83
29 84
29 88
29 91
29 92
29 93
29 94
29 97
30 1
30 4
30 6
30 16
30 24
30 26
30 27
30 36
30 37
30 38
30 40
30 49
30 54
30 56
30 58
30 60
30 62
30 64
30 65
30 66
30 67
30 69
30 74
30 75
30 81
30 84
30 85
30 90
30 92
30 97
31 7
31 12
31 15
31 18
31 19
31 21
31 23
31 24
31 25
31 28
31 29
31 31
31 32
31 35
31 38
31 41
31 46
31 47
31 49
31 50
31 51
31 55
31 56
31 57
31 61
31 64
31 65
31 67
31 68
31 69
31 76
31 79
31 81
31 87
31 89
31 93
32 2
32 3
32 7
32 11
32 17
32 20
32 21
32 23
32 25
32 28
32 30
32 34
32 35
32 40
32 42
32 48
32 55
32 56
32 61
32 72
32 73
32 75
32 77
32 80
32 81
32 83
32 84
32 89
32 91
32 92
32 96
32 97
33 2
33 6
33 7
33 8
33 10
33 15
33 18
33 20
33 32
33 33
33 34
33 36
33 37
33 39
33 40
33 44
33 45
33 49
33 50
33 51
33 54
33 57
33 59
33 61
33 62
33 63
33 66
33 67
33 75
33 77
33 80
33 81
33 83
33 84
33 86
33 89
33 90
33 92
33 93
33 94
33 96
34 3
34 8
34 11
34 12
34 13
34 16
34 17
34 21
34 23
34 25
34 27
34 28
34 29
34 31
34 33
34 35
34 36
34 40
34 42
34 47
34 50
34 51
34 55
34 57
34 58
34 62
34 63
34 65
34 66
34 68
34 75
34 76
34 82
34 84
34 87
34 89
34 90
34 95
35 4
35 5
35 10
35 11
35 17
35 18
35 19
35 24
35 25
35 29
35 39
35 40
35 41
35 43
35 46
35 50
35 54
35 59
35 61
35 63
35 64
35 65
35 66
35 71
35 72
35 75
35 76
35 79
35 83
35 87
35 90
35 91
35 92
35 97
35 98
36 1
36 2
36 4
36 7
36 9
36 14
36 16
36 19
36 20
36 25
36 27
36 28
36 31
36 32
36 35
36 36
36 37
36 43
36 45
36 48
36 49
36 51
36 55
36 56
36 57
36 65
36 67
36 70
36 72
36 74
36 77
36 78
36 80
36 81
36 82
36 84
36 85
36 90
36 95
36 96
36 97
37 2
37 5
37 6
37 7
37 11
37 13
37 14
37 15
37 16
37 18
37 21
37 23
37 24
37 26
37 27
37 28
37 29
37 35
37 37
37 41
37 47
37 49
37 52
37 53
37 55
37 57
37 58
37 60
37 61
37 62
37 64
37 65
37 66
37 68
37 70
37 71
37 72
37 78
37 84
37 89
37 90
37 91
37 94
37 95
37 97
38 10
38 11
38 15
38 17
38 21
38 25
38 29
38 34
38 35
38 36
38 37
38 40
38 41
38 42
38 46
38 47
38 48
38 52
38 54
38 55
38 56
38 58
38 59
38 60
38 64
38 66
38 68
38 72
38 73
38 75
38 79
38 82
38 83
38 84
38 85
38 86
38 88
38 89
38 90
38 92
38 93
38 94
38 95
38 98
39 1
39 3
39 6
39 8
39 10
39 11
39 13
39 16
39 17
39 19
39 23
39 33
39 35
39 36
39 40
39 41
39 42
39 43
39 45
39 48
39 55
39 56
39 57
39 62
39 63
39 65
39 67
39 75
39 76
39 78
39 83
39 86
39 97
40 1
40 3
40 4
40 8
40 9
40 12
40 14
40 17
40 23
40 24
40 30
40 32
40 35
40 38
40 40
40 41
40 42
40 43
40 45
40 46
40 47
40 49
40 50
40 51
40 53
40 55
40 63
40 66
40 69
40 71
40 75
40 87
40 92
40 94
40 95
40 98
41 4
41 6
41 8
41 9
41 10
41 13
41 16
41 17
41 25
41 26
41 30
41 31
41 34
41 35
41 36
41 37
41 40
41 41
41 44
41 45
41 47
41 48
41 49
41 50
41 53
41 55
41 56
41 61
41 62
41 63
41 64
41 67
41 70
41 73
41 75
41 76
41 79
41 86
41 88
41 92
41 93
41 94
41 96
42 2
42 3
42 7
42 9
42 10
42 12
42 17
42 18
42 19
42 21
42 22
42 24
42 30
42 37
42 41
42 43
42 46
42 48
42 49
42 51
42 54
42 55
42 58
42 59
42 60
42 61
42 62
42 69
42 70
42 74
42 78
42 82
42 85
42 86
42 90
42 92
42 93
42 94
42 95
42 96
42 97
42 98
43 8
43 13
43 16
43 17
43 19
43 34
43 37
43 38
43 39
43 40
43 41
43 43
43 44
43 46
43 50
43 53
43 54
43 55
43 56
43 61
43 63
43 68
43 69
43 73
43 74
43 75
43 76
43 78
43 79
43 81
43 83
43 86
43 90
43 91
43 92
43 94
44 10
44 12
44 13
44 14
44 17
44 18
44 23
44 24
44 25
44 27
44 33
44 34
44 38
44 40
44 42
44 44
44 51
44 53
44 54
44 59
44 62
44 67
44 68
44 70
44 71
44 73
44 78
44 79
44 81
44 84
44 85
44 90
44 93
44 95
44 96
45 3
45 4
45 6
45 7
45 11
45 12
45 13
45 17
45 20
45 23
45 29
45 30
45 34
45 36
45 42
45 43
45 45
45 50
45 52
45 55
45 59
45 60
45 72
45 77
45 81
45 84
45 86
45 87
45 91
45 93
45 96
46 1
46 3
46 6
46 12
46 13
46 14
46 17
46 19
46 20
46 21
46 25
46 26
46 32
46 34
46 36
46 37
46 38
46 41
46 43
46 48
46 56
46 58
46 60
46 62
46 63
46 65
46 66
46 73
46 74
46 79
46 81
46 83
46 84
46 87
46 93
46 94
46 96
46 97
47 1
47 3
47 4
47 5
47 12
47 14
47 15
47 16
47 17
47 18
47 22
47 23
47 28
47 31
47 32
47 33
47 36
47 37
47 39
47 41
47 43
47 45
47 52
47 62
47 64
47 65
47 67
47 68
47 70
47 76
47 77
47 78
47 82
47 90
47 92
47 93
47 94
47 96
47 97
47 98
48 3
48 5
48 7
48 8
48 11
48 12
48 14
48 15
48 22
48 24
48 25
48 28
48 29
48 32
48 33
48 37
48 43
48 44
48 46
48 48
48 51
48 52
48 55
48 56
48 57
48 58
48 60
48 64
48 65
48 68
48 69
48 70
48 72
48 77
48 78
48 81
48 86
48 88
48 89
48 91
48 94
48 97
49 1
49 3
49 4
49 8
49 10
49 11
49 13
49 14
49 16
49 20
49 27
49 28
49 29
49 30
49 32
49 34
49 36
49 40
49 43
49 44
49 46
49 48
49 51
49 52
49 54
49 55
49 57
49 59
49 62
49 64
49 65
49 70
49 71
49 74
49 78
49 82
49 83
49 84
49 85
49 87
49 90
49 92
49 95
49 97
49 98
50 1
50 3
50 5
50 8
50 15
50 16
50 17
50 19
50 20
50 21
50 23
50 34
50 38
50 42
50 43
50 47
50 48
50 49
50 51
50 54
50 55
50 56
50 57
50 58
50 61
50 63
50 67
50 70
50 73
50 74
50 75
50 76
50 77
50 79
50 80
50 82
50 84
50 87
50 88
50 96
50 98
51 1
51 4
51 5
51 6
51 10
51 12
51 14
51 15
51 20
51 22
51 24
51 25
51 26
51 28
51 29
51 32
51 33
51 37
51 40
51 45
51 46
51 48
51 50
51 53
51 54
51 58
51 59
51 61
51 66
51 67
51 70
51 74
51 75
51 80
51 83
51 85
51 86
51 88
51 94
51 96
51 97
52 1
52 2
52 6
52 8
52 12
52 13
52 15
52 16
52 17
52 18
52 19
52 22
52 25
52 26
52 27
52 30
52 33
52 36
52 38
52 39
52 41
52 42
52 43
52 46
52 53
52 55
52 56
52 60
52 63
52 65
52 67
52 71
52 77
52 78
52 81
52 82
52 83
52 88
52 89
52 91
52 92
52 97
53 3
53 6
53 7
53 8
53 14
53 15
53 22
53 28
53 30
53 31
53 34
53 36
53 41
53 42
53 48
53 49
53 50
53 51
53 53
53 55
53 59
53 60
53 61
53 63
53 64
53 66
53 68
53 70
53 73
53 74
53 75
53 76
53 80
53 85
53 87
53 88
53 90
53 92
53 93
53 95
53 98
54 3
54 6
54 10
54 12
54 13
54 14
54 17
54 19
54 23
54 26
54 27
54 28
54 31
54 32
54 33
54 37
54 39
54 44
54 51
54 52
54 57
54 58
54 59
54 60
54 61
54 62
54 64
54 66
54 68
54 69
54 71
54 74
54 75
54 78
54 79
54 81
54 83
54 85
54 86
54 88
54 93
54 95
54 98
55 1
55 4
55 6
55 9
55 12
55 13
55 14
55 18
55 21
55 24
55 27
55 28
55 30
55 32
55 33
55 35
55 36
55 38
55 39
55 40
55 42
55 43
55 45
55 48
55 53
55 54
55 55
55 58
55 59
55 61
55 62
55 66
55 67
55 68
55 69
55 70
55 71
55 74
55 79
55 81
55 82
55 84
55 86
55 88
55 89
55 90
55 94
55 97
56 3
56 4
56 8
56 12
56 16
56 17
56 19
56 20
56 22
56 26
56 27
56 29
56 31
56 38
56 40
56 41
56 43
56 45
56 46
56 48
56 51
56 53
56 54
56 55
56 57
56 58
56 62
56 63
56 65
56 66
56 68
56 71
56 73
56 74
56 75
56 76
56 83
56 88
56 90
56 93
56 94
56 95
56 98
57 4
57 5
57 6
57 10
57 13
57 14
57 15
57 16
57 19
57 20
57 21
57 23
57 24
57 26
57 27
57 28
57 30
57 35
57 36
57 39
57 47
57 49
57 50
57 51
57 52
57 54
57 57
57 60
57 65
57 68
57 69
57 70
57 72
57 74
57 77
57 78
57 80
57 86
57 89
57 91
57 92
57 93
57 96
58 2
58 7
58 10
58 12
58 13
58 15
58 18
58 19
58 21
58 23
58 24
58 26
58 29
58 30
58 32
58 40
58 42
58 43
58 48
58 52
58 54
58 56
58 58
58 60
58 64
58 69
58 71
58 72
58 75
58 79
58 80
58 82
58 83
58 86
58 89
58 96
58 97
58 98
59 1
59 10
59 12
59 14
59 16
59 19
59 21
59 22
59 26
59 27
59 28
59 30
59 31
59 32
59 33
59 35
59 37
59 39
59 44
59 45
59 49
59 53
59 58
59 60
59 61
59 64
59 65
59 67
59 68
59 69
59 70
59 71
59 73
59 76
59 79
59 84
59 86
59 90
59 93
59 97
60 1
60 3
60 4
60 9
60 11
60 13
60 15
60 17
60 18
60 21
60 22
60 23
60 26
60 27
60 33
60 41
60 42
60 43
60 46
60 51
60 52
60 56
60 58
60 61
60 62
60 64
60 65
60 67
60 69
60 74
60 75
60 79
60 80
60 84
60 85
60 90
60 95
60 96
61 1
61 4
61 5
61 6
61 7
61 8
61 9
61 13
61 14
61 16
61 18
61 19
61 20
61 21
61 26
61 27
61 30
61 31
61 34
61 36
61 40
61 41
61 42
61 44
61 46
61 49
61 55
61 57
61 60
61 64
61 66
61 72
61 73
61 78
61 80
61 82
61 83
61 87
61 88
61 90
61 93
61 95
61 96
61 97
61 98
62 4
62 8
62 12
62 13
62 15
62 17
62 18
62 21
62 27
62 31
62 33
62 35
62 36
62 38
62 39
62 41
62 42
62 43
62 44
62 45
62 46
62 47
62 48
62 56
62 57
62 58
62 60
62 62
62 66
62 67
62 69
62 70
62 71
62 72
62 74
62 75
62 79
62 87
62 88
62 91
63 3
63 6
63 7
63 9
63 10
63 18
63 19
63 20
63 22
63 25
63 29
63 30
63 32
63 33
63 37
63 39
63 40
63 41
63 45
63 48
63 51
63 54
63 55
63 56
63 63
63 67
63 68
63 69
63 72
63 74
63 78
63 82
63 83
63 84
63 87
63 89
63 90
63 92
63 96
63 97
64 1
64 3
64 5
64 6
64 7
64 8
64 9
64 10
64 13
64 14
64 15
64 17
64 21
64 24
64 26
64 27
64 28
64 30
64 31
64 33
64 39
64 42
64 45
64 46
64 49
64 52
64 53
64 54
64 61
64 64
64 65
64 67
64 71
64 74
64 76
64 77
64 82
64 84
64 85
64 94
64 95
64 96
64 97
64 98
65 1
65 3
65 7
65 8
65 9
65 11
65 12
65 14
65 20
65 21
65 22
65 23
65 25
65 28
65 34
65 35
65 38
65 41
65 43
65 46
65 47
65 48
65 49
65 55
65 60
65 64
65 66
65 68
65 70
65 72
65 73
65 79
65 82
65 84
65 85
65 86
65 88
65 91
65 93
65 97
65 98
66 5
66 8
66 9
66 10
66 12
66 13
66 17
66 25
66 27
66 30
66 31
66 37
66 42
66 43
66 50
66 51
66 54
66 55
66 56
66 57
66 60
66 61
66 65
66 67
66 70
66 72
66 73
66 74
66 78
66 79
66 81
66 82
66 83
66 84
66 85
66 87
66 92
66 94
66 96
67 1
67 2
67 7
67 8
67 9
67 12
67 14
67 16
67 18
67 22
67 23
67 24
67 28
67 29
67 30
67 31
67 32
67 34
67 35
67 36
67 39
67 40
67 41
67 42
67 44
67 46
67 47
67 48
67 50
67 51
67 53
67 55
67 57
67 65
67 66
67 71
67 72
67 75
67 82
67 92
67 94
67 96
68 1
68 2
68 4
68 8
68 10
68 11
68 14
68 15
68 17
68 25
68 29
68 32
68 33
68 34
68 40
68 52
68 58
68 60
68 73
68 80
68 81
68 85
68 87
68 88
68 91
68 95
68 98
69 3
69 9
69 12
69 13
69 16
69 18
69 20
69 22
69 24
69 25
69 26
69 34
69 35
69 41
69 43
69 45
69 53
69 54
69 57
69 58
69 59
69 62
69 63
69 64
69 65
69 69
69 70
69 72
69 74
69 76
69 77
69 78
69 80
69 89
69 90
69 91
69 93
70 3
70 6
70 7
70 8
70 14
70 16
70 18
70 19
70 20
70 24
70 25
70 27
70 28
70 31
70 34
70 35
70 36
70 38
70 39
70 42
70 43
70 45
70 48
70 49
70 50
70 52
70 54
70 56
70 57
70 59
70 65
70 68
70 69
70 70
70 73
70 74
70 77
70 78
70 79
70 80
70 83
70 86
70 93
70 95
70 96
70 97
71 1
71 2
71 4
71 5
71 7
71 8
71 10
71 14
71 16
71 20
71 21
71 22
71 23
71 24
71 28
71 29
71 33
71 34
71 36
71 37
71 38
71 42
71 44
71 51
71 52
71 53
71 57
71 59
71 60
71 63
71 65
71 66
71 69
71 71
71 72
71 75
71 76
71 77
71 78
71 80
71 82
71 84
71 88
71 92
71 93
71 94
72 20
72 21
72 24
72 30
72 32
72 33
72 36
72 37
72 40
72 47
72 48
72 50
72 53
72 60
72 63
72 64
72 73
72 77
72 82
72 83
72 84
72 88
72 93
72 95
72 96
72 97
73 1
73 2
73 3
73 4
73 6
73 7
73 10
73 12
73 16
73 17
73 20
73 23
73 24
73 26
73 28
73 30
73 32
73 33
73 34
73 39
73 40
73 42
73 48
73 49
73 51
73 53
73 54
73 55
73 56
73 57
73 62
73 65
73 66
73 68
73 69
73 72
73 75
73 77
73 79
73 80
73 81
73 86
73 87
73 90
73 91
73 92
73 97
74 3
74 4
74 5
74 6
74 8
74 12
74 14
74 17
74 19
74 23
74 25
74 30
74 34
74 36
74 42
74 45
74 53
74 55
74 61
74 65
74 66
74 69
74 72
74 73
74 75
74 77
74 78
74 80
74 87
74 89
74 91
74 95
74 98
75 4
75 5
75 7
75 8
75 9
75 12
75 15
75 18
75 21
75 23
75 24
75 27
75 29
75 30
75 31
75 38
75 39
75 43
75 47
75 49
75 53
75 54
75 56
75 59
75 60
75 61
75 65
75 68
75 69
75 71
75 72
75 73
75 75
75 78
75 80
75 85
75 87
75 91
75 92
75 94
75 96
75 97
76 3
76 4
76 5
76 6
76 14
76 15
76 16
76 17
76 19
76 20
76 23
76 26
76 28
76 36
76 38
76 40
76 41
76 44
76 49
76 50
76 55
76 56
76 58
76 60
76 61
76 66
76 68
76 69
76 71
76 77
76 79
76 80
76 81
76 85
76 88
76 89
76 91
76 92
76 96
77 1
77 2
77 4
77 7
77 9
77 14
77 21
77 24
77 27
77 28
77 32
77 33
77 35
77 36
77 39
77 40
77 42
77 44
77 46
77 48
77 54
77 58
77 59
77 60
77 64
77 65
77 66
77 68
77 73
77 77
77 78
77 79
77 82
77 83
77 85
77 88
77 92
77 93
77 96
77 98
78 6
78 7
78 8
78 10
78 16
78 20
78 23
78 25
78 38
78 39
78 40
78 42
78 43
78 45
78 46
78 47
78 52
78 53
78 54
78 57
78 63
78 64
78 70
78 75
78 79
78 80
78 81
78 83
78 87
78 88
78 90
78 91
78 98
79 8
79 11
79 13
79 15
79 17
79 18
79 23
79 26
79 29
79 33
79 35
79 37
79 38
79 41
79 42
79 43
79 45
79 46
79 47
79 48
79 49
79 54
79 57
79 60
79 62
79 67
79 74
79 75
79 77
79 79
79 81
79 84
79 87
79 89
79 96
80 1
80 4
80 5
80 7
80 8
80 9
80 15
80 17
80 19
80 20
80 21
80 27
80 29
80 30
80 31
80 32
80 33
80 34
80 35
80 37
80 38
80 39
80 43
80 45
80 49
80 50
80 53
80 56
80 57
80 58
80 64
80 65
80 66
80 67
80 70
80 71
80 72
80 73
80 76
80 77
80 83
80 84
80 85
80 91
80 92
80 93
80 96
80 97
81 1
81 2
81 4
81 5
81 6
81 14
81 16
81 17
81 18
81 22
81 25
81 37
81 38
81 39
81 40
81 41
81 43
81 48
81 49
81 50
81 58
81 59
81 61
81 62
81 64
81 66
81 67
81 74
81 76
81 77
81 78
81 83
81 86
81 91
82 1
82 5
82 13
82 15
82 18
82 20
82 21
82 22
82 24
82 28
82 30
82 32
82 34
82 35
82 37
82 38
82 41
82 43
82 44
82 46
82 49
82 54
82 55
82 56
82 61
82 70
82 71
82 75
82 86
82 90
82 91
82 93
82 94
82 95
82 96
83 2
83 4
83 6
83 9
83 11
83 12
83 15
83 16
83 18
83 23
83 26
83 31
83 37
83 43
83 50
83 51
83 55
83 56
83 58
83 60
83 62
83 65
83 66
83 68
83 70
83 72
83 73
83 74
83 76
83 78
83 80
83 81
83 84
83 86
83 87
83 89
83 94
83 95
83 97
83 98
84 1
84 2
84 5
84 7
84 11
84 14
84 17
84 18
84 23
84 24
84 25
84 29
84 30
84 31
84 32
84 34
84 39
84 43
84 47
84 50
84 51
84 57
84 59
84 62
84 67
84 68
84 70
84 71
84 75
84 80
84 82
84 83
84 88
84 90
84 93
84 94
84 95
84 98
85 2
85 4
85 5
85 6
85 7
85 8
85 9
85 10
85 12
85 15
85 16
85 20
85 21
85 25
85 26
85 28
85 35
85 41
85 43
85 45
85 47
85 48
85 50
85 53
85 56
85 57
85 59
85 61
85 65
85 76
85 81
85 83
85 87
85 88
85 89
85 90
85 92
85 94
85 95
85 98
86 1
86 2
86 5
86 6
86 9
86 10
86 11
86 12
86 13
86 15
86 16
86 18
86 19
86 23
86 27
86 29
86 31
86 36
86 37
86 39
86 42
86 48
86 49
86 54
86 55
86 56
86 57
86 64
86 67
86 70
86 71
86 73
86 75
86 76
86 77
86 78
86 81
86 89
86 90
86 95
86 97
87 3
87 4
87 5
87 6
87 10
87 15
87 21
87 22
87 23
87 25
87 28
87 30
87 33
87 34
87 38
87 41
87 42
87 44
87 50
87 52
87 53
87 58
87 59
87 61
87 64
87 72
87 76
87 77
87 79
87 82
87 88
87 90
87 92
87 93
87 95
87 96
87 98
88 2
88 8
88 17
88 18
88 21
88 24
88 25
88 27
88 29
88 32
88 35
88 36
88 39
88 41
88 42
88 45
88 46
88 47
88 49
88 53
88 59
88 60
88 62
88 64
88 67
88 68
88 71
88 72
88 73
88 74
88 75
88 77
88 78
88 81
88 82
88 84
88 88
88 89
88 90
88 91
88 92
88 96
89 2
89 7
89 11
89 12
89 14
89 15
89 18
89 21
89 25
89 28
89 33
89 38
89 49
89 50
89 51
89 52
89 53
89 56
89 59
89 61
89 62
89 63
89 64
89 65
89 66
89 67
89 68
89 69
89 70
89 71
89 73
89 74
89 76
89 82
89 83
89 84
89 85
89 86
89 87
89 88
89 89
89 91
89 93
89 97
90 3
90 7
90 8
90 13
90 14
90 18
90 21
90 23
90 32
90 33
90 39
90 40
90 42
90 43
90 44
90 46
90 50
90 51
90 57
90 59
90 62
90 63
90 64
90 65
90 68
90 70
90 72
90 73
90 75
90 76
90 79
90 81
90 82
90 84
90 85
90 86
90 87
90 89
90 90
90 92
90 94
90 96
91 3
91 5
91 9
91 10
91 12
91 17
91 18
91 20
91 21
91 22
91 23
91 28
91 31
91 32
91 36
91 37
91 38
91 44
91 46
91 48
91 52
91 54
91 56
91 57
91 59
91 61
91 71
91 73
91 74
91 75
91 76
91 77
91 78
91 79
91 80
91 81
91 82
91 83
91 86
91 89
91 90
91 98
92 1
92 2
92 4
92 8
92 11
92 13
92 15
92 18
92 19
92 20
92 22
92 23
92 25
92 27
92 28
92 29
92 30
92 33
92 36
92 38
92 47
92 48
92 49
92 61
92 64
92 66
92 73
92 75
92 77
92 81
92 82
92 89
92 92
92 96
92 97
92 98
93 1
93 2
93 8
93 9
93 17
93 18
93 19
93 20
93 21
93 22
93 24
93 27
93 41
93 42
93 44
93 45
93 47
93 50
93 52
93 54
93 56
93 61
93 62
93 63
93 66
93 67
93 69
93 71
93 72
93 78
93 80
93 83
93 84
93 86
93 89
93 91
93 94
93 95
94 6
94 7
94 10
94 12
94 18
94 22
94 23
94 24
94 25
94 30
94 31
94 33
94 36
94 38
94 39
94 43
94 45
94 47
94 48
94 50
94 52
94 53
94 57
94 59
94 61
94 65
94 66
94 70
94 71
94 73
94 75
94 80
94 83
94 85
94 86
94 87
94 89
94 92
94 93
94 95
94 96
95 1
95 2
95 5
95 6
95 7
95 10
95 11
95 13
95 14
95 15
95 18
95 19
95 20
95 22
95 29
95 32
95 33
95 34
95 37
95 38
95 40
95 41
95 44
95 45
95 50
95 51
95 57
95 60
95 63
95 66
95 67
95 70
95 71
95 72
95 75
95 77
95 80
95 84
95 87
95 93
95 95
96 1
96 5
96 13
96 14
96 15
96 19
96 21
96 23
96 25
96 27
96 31
96 32
96 33
96 34
96 35
96 39
96 41
96 42
96 43
96 44
96 47
96 56
96 61
96 62
96 64
96 68
96 70
96 74
96 78
96 85
96 88
96 90
96 92
96 95
96 96
96 97
97 1
97 16
97 17
97 18
97 19
97 22
97 23
97 24
97 25
97 29
97 30
97 31
97 34
97 35
97 39
97 40
97 41
97 43
97 45
97 50
97 51
97 54
97 55
97 56
97 62
97 63
97 64
97 65
97 67
97 68
97 70
97 71
97 73
97 81
97 84
97 86
97 89
97 93
97 94
97 95
97 97
98 1
98 2
98 4
98 5
98 7
98 11
98 17
98 19
98 20
98 21
98 22
98 25
98 26
98 28
98 29
98 31
98 32
98 33
98 34
98 36
98 37
98 38
98 39
98 40
98 43
98 44
98 48
98 49
98 53
98 54
98 55
98 57
98 60
98 65
98 66
98 67
98 69
98 70
98 75
98 76
98 78
98 81
98 82
98 84
98 85
98 86
98 87
98 89
98 92
98 93
98 95
