200 200
1 1
198 198
1 4
1 5
1 11
1 15
1 21
1 24
1 28
1 33
1 36
1 38
1 40
1 44
1 52
1 55
1 60
1 63
1 65
1 75
1 76
1 77
1 95
1 98
1 100
1 103
1 108
1 115
1 118
1 120
1 121
1 127
1 129
1 131
1 135
1 136
1 142
1 143
1 150
1 162
1 163
1 172
1 190
1 194
1 197
2 2
2 3
2 4
2 9
2 11
2 13
2 14
2 18
2 19
2 21
2 22
2 26
2 30
2 31
2 32
2 35
2 38
2 39
2 42
2 47
2 49
2 53
2 56
2 62
2 63
2 66
2 67
2 70
2 74
2 79
2 82
2 87
2 91
2 93
2 96
2 97
2 101
2 102
2 106
2 107
2 110
2 115
2 126
2 127
2 135
2 139
2 141
2 142
2 143
2 144
2 145
2 148
2 149
2 150
2 153
2 160
2 161
2 169
2 174
2 175
2 185
2 187
2 192
2 195
3 8
3 12
3 13
3 14
3 18
3 19
3 21
3 22
3 25
3 33
3 36
3 42
3 45
3 49
3 53
3 58
3 59
3 67
3 74
3 79
3 84
3 94
3 99
3 102
3 103
3 104
3 106
3 112
3 118
3 120
3 123
3 128
3 129
3 132
3 134
3 138
3 145
3 147
3 152
3 155
3 157
3 163
3 164
3 165
3 166
3 167
3 181
3 183
3 187
3 189
3 196
4 16
4 23
4 25
4 29
4 40
4 41
4 48
4 53
4 54
4 56
4 59
4 61
4 62
4 64
4 68
4 72
4 77
4 89
4 91
4 105
4 111
4 112
4 116
4 122
4 129
4 133
4 142
4 146
4 147
4 150
4 156
4 167
4 168
4 172
4 176
4 178
4 180
4 186
4 193
4 196
4 197
5 11
5 12
5 17
5 23
5 29
5 43
5 46
5 49
5 64
5 70
5 75
5 79
5 80
5 83
5 85
5 112
5 113
5 119
5 121
5 123
5 133
5 141
5 143
5 145
5 151
5 154
5 155
5 161
5 180
5 186
5 189
5 191
5 194
5 196
5 197
6 15
6 16
6 21
6 37
6 38
6 39
6 48
6 50
6 52
6 60
6 67
6 70
6 71
6 76
6 85
6 93
6 99
6 111
6 112
6 113
6 114
6 116
6 121
6 124
6 140
6 143
6 154
6 157
6 166
6 177
6 178
6 188
6 192
6 196
7 2
7 6
7 9
7 11
7 13
7 14
7 25
7 30
7 32
7 40
7 44
7 47
7 48
7 61
7 63
7 73
7 80
7 83
7 96
7 100
7 104
7 108
7 111
7 131
7 135
7 139
7 144
7 147
7 148
7 150
7 151
7 153
7 156
7 161
7 166
7 168
7 171
7 174
7 175
7 184
7 197
7 198
8 9
8 11
8 23
8 24
8 29
8 33
8 50
8 52
8 54
8 57
8 66
8 71
8 75
8 85
8 87
8 89
8 93
8 96
8 103
8 105
8 107
8 113
8 119
8 124
8 129
8 131
8 134
8 139
8 142
8 144
8 145
8 146
8 158
8 170
8 176
8 180
8 184
8 186
8 194
8 195
8 198
9 3
9 7
9 10
9 15
9 18
9 24
9 26
9 30
9 37
9 43
9 47
9 53
9 56
9 60
9 76
9 79
9 81
9 93
9 95
9 102
9 103
9 105
9 109
9 118
9 120
9 122
9 129
9 136
9 140
9 146
9 147
9 154
9 158
9 159
9 163
9 171
9 179
9 183
9 190
9 194
10 2
10 4
10 7
10 14
10 20
10 22
10 23
10 26
10 32
10 33
10 34
10 37
10 38
10 43
10 45
10 51
10 52
10 62
10 64
10 69
10 71
10 73
10 92
10 96
10 97
10 103
10 104
10 113
10 120
10 123
10 125
10 128
10 131
10 139
10 144
10 151
10 152
10 155
10 163
10 164
10 167
10 168
10 169
10 171
10 184
10 198
11 1
11 2
11 4
11 5
11 7
11 10
11 11
11 14
11 25
11 26
11 29
11 32
11 36
11 37
11 45
11 48
11 50
11 52
11 53
11 54
11 64
11 65
11 67
11 68
11 71
11 72
11 76
11 77
11 84
11 86
11 90
11 94
11 103
11 105
11 110
11 118
11 133
11 139
11 143
11 156
11 161
11 164
11 166
11 169
11 179
11 182
11 184
11 187
11 190
11 193
11 198
12 1
12 2
12 12
12 13
12 16
12 17
12 21
12 23
12 27
12 28
12 31
12 38
12 53
12 59
12 62
12 65
12 69
12 76
12 87
12 92
12 95
12 97
12 104
12 111
12 113
12 117
12 124
12 127
12 134
12 139
12 143
12 146
12 155
12 167
12 169
12 170
12 173
12 174
12 176
12 181
12 183
12 187
12 198
13 1
13 12
13 15
13 17
13 19
13 21
13 29
13 31
13 35
13 36
13 43
13 55
13 58
13 61
13 67
13 69
13 70
13 81
13 82
13 83
13 84
13 86
13 87
13 88
13 89
13 90
13 93
13 98
13 100
13 107
13 112
13 121
13 122
13 125
13 127
13 131
13 135
13 137
13 146
13 148
13 163
13 166
13 174
13 179
13 183
13 185
13 186
13 193
13 196
14 4
14 20
14 24
14 29
14 32
14 38
14 39
14 41
14 44
14 45
14 48
14 50
14 58
14 59
14 60
14 65
14 66
14 70
14 74
14 75
14 76
14 79
14 87
14 88
14 94
14 103
14 110
14 112
14 114
14 117
14 118
14 127
14 138
14 152
14 153
14 155
14 158
14 159
14 162
14 172
14 174
14 177
14 178
14 181
14 192
14 195
14 198
15 6
15 11
15 20
15 21
15 23
15 24
15 27
15 39
15 40
15 50
15 54
15 58
15 59
15 60
15 63
15 69
15 70
15 74
15 78
15 80
15 85
15 92
15 98
15 100
15 102
15 103
15 104
15 107
15 114
15 119
15 124
15 127
15 128
15 136
15 141
15 142
15 148
15 152
15 156
15 157
15 164
15 167
15 169
15 183
16 4
16 20
16 22
16 25
16 37
16 38
16 56
16 57
16 63
16 68
16 71
16 72
16 74
16 75
16 77
16 90
16 92
16 93
16 106
16 107
16 112
16 115
16 119
16 121
16 122
16 127
16 131
16 132
16 133
16 135
16 139
16 147
16 148
16 161
16 165
16 171
16 173
16 174
16 177
16 186
16 191
17 3
17 5
17 22
17 23
17 24
17 26
17 30
17 36
17 50
17 56
17 57
17 68
17 70
17 72
17 73
17 75
17 76
17 79
17 80
17 82
17 90
17 91
17 96
17 101
17 116
17 127
17 133
17 136
17 138
17 149
17 151
17 153
17 166
17 167
17 174
17 177
17 181
17 187
18 9
18 12
18 17
18 18
18 23
18 27
18 74
18 76
18 78
18 80
18 82
18 85
18 86
18 90
18 99
18 100
18 101
18 105
18 109
18 110
18 116
18 123
18 128
18 134
18 135
18 144
18 149
18 151
18 161
18 173
18 181
18 182
18 184
18 185
18 190
18 193
19 6
19 8
19 15
19 16
19 17
19 20
19 21
19 24
19 30
19 50
19 51
19 55
19 77
19 82
19 87
19 89
19 97
19 100
19 102
19 107
19 115
19 125
19 135
19 141
19 143
19 144
19 145
19 146
19 153
19 159
19 162
19 168
19 172
19 178
19 193
19 197
19 198
20 14
20 15
20 17
20 18
20 19
20 25
20 35
20 37
20 39
20 53
20 56
20 64
20 66
20 68
20 88
20 90
20 94
20 102
20 123
20 130
20 133
20 134
20 141
20 147
20 148
20 151
20 160
20 162
20 168
20 175
20 179
20 185
20 195
20 196
20 198
21 4
21 19
21 22
21 30
21 32
21 38
21 39
21 41
21 43
21 45
21 47
21 49
21 50
21 52
21 55
21 60
21 73
21 75
21 82
21 88
21 90
21 97
21 102
21 107
21 108
21 112
21 119
21 121
21 124
21 125
21 126
21 127
21 128
21 131
21 139
21 141
21 148
21 153
21 154
21 155
21 156
21 161
21 163
21 174
21 182
21 183
21 184
21 186
21 194
21 196
21 198
22 11
22 13
22 23
22 26
22 29
22 36
22 38
22 46
22 53
22 54
22 59
22 62
22 72
22 73
22 79
22 86
22 87
22 93
22 110
22 112
22 117
22 118
22 131
22 137
22 138
22 139
22 147
22 152
22 155
22 159
22 161
22 169
22 171
22 172
22 177
22 178
22 179
22 183
22 188
22 193
22 197
23 3
23 7
23 8
23 16
23 17
23 31
23 33
23 40
23 51
23 54
23 57
23 70
23 74
23 76
23 78
23 84
23 85
23 95
23 96
23 100
23 104
23 110
23 113
23 119
23 125
23 129
23 131
23 133
23 135
23 142
23 148
23 150
23 153
23 155
23 159
23 162
23 165
23 169
23 170
23 174
23 176
23 184
23 195
24 6
24 17
24 23
24 27
24 36
24 37
24 38
24 42
24 44
24 47
24 54
24 56
24 58
24 65
24 68
24 75
24 76
24 79
24 99
24 100
24 109
24 112
24 114
24 125
24 128
24 133
24 134
24 135
24 136
24 140
24 158
24 170
24 172
24 174
24 187
24 193
24 194
25 6
25 7
25 11
25 20
25 22
25 24
25 26
25 31
25 38
25 41
25 42
25 43
25 76
25 77
25 78
25 80
25 84
25 85
25 86
25 87
25 91
25 102
25 103
25 106
25 110
25 115
25 117
25 119
25 120
25 138
25 140
25 144
25 146
25 149
25 163
25 168
25 169
25 170
25 175
25 180
25 181
25 183
25 198
26 4
26 10
26 11
26 13
26 18
26 25
26 26
26 30
26 31
26 35
26 36
26 41
26 46
26 47
26 49
26 72
26 73
26 78
26 90
26 98
26 111
26 112
26 116
26 124
26 127
26 130
26 134
26 135
26 137
26 144
26 149
26 154
26 155
26 158
26 164
26 166
26 167
26 173
26 174
26 182
26 196
27 13
27 18
27 41
27 43
27 45
27 48
27 49
27 54
27 55
27 61
27 62
27 68
27 96
27 97
27 98
27 99
27 108
27 113
27 114
27 119
27 122
27 131
27 133
27 134
27 143
27 144
27 147
27 149
27 151
27 154
27 155
27 158
27 163
27 165
27 167
27 168
27 169
27 170
27 174
27 175
27 179
27 180
27 182
27 187
27 188
27 189
27 193
27 197
27 198
28 5
28 6
28 9
28 11
28 15
28 18
28 21
28 32
28 44
28 45
28 50
28 63
28 71
28 72
28 73
28 76
28 85
28 86
28 87
28 92
28 97
28 101
28 102
28 103
28 105
28 109
28 120
28 121
28 122
28 135
28 149
28 152
28 155
28 160
28 161
28 162
28 164
28 175
28 176
28 177
28 187
28 188
28 193
28 197
28 198
29 1
29 5
29 7
29 10
29 16
29 20
29 28
29 29
29 30
29 35
29 38
29 39
29 40
29 55
29 61
29 73
29 76
29 81
29 87
29 91
29 94
29 95
29 102
29 105
29 106
29 109
29 110
29 111
29 112
29 115
29 117
29 124
29 128
29 129
29 136
29 139
29 153
29 156
29 167
29 168
29 176
29 178
29 182
29 187
29 189
29 190
29 194
29 198
30 3
30 4
30 5
30 9
30 14
30 15
30 24
30 27
30 31
30 33
30 36
30 44
30 47
30 48
30 52
30 54
30 61
30 62
30 63
30 64
30 67
30 71
30 75
30 76
30 79
30 83
30 100
30 102
30 118
30 134
30 136
30 137
30 144
30 153
30 173
30 177
30 178
30 186
30 190
30 193
31 5
31 11
31 14
31 15
31 16
31 19
31 22
31 29
31 38
31 45
31 47
31 48
31 49
31 56
31 58
31 59
31 63
31 67
31 78
31 81
31 85
31 93
31 101
31 104
31 106
31 110
31 111
31 115
31 117
31 120
31 122
31 127
31 131
31 134
31 139
31 147
31 148
31 155
31 163
31 168
31 170
31 171
31 178
31 182
31 187
32 7
32 10
32 12
32 15
32 20
32 21
32 22
32 37
32 40
32 44
32 45
32 47
32 48
32 64
32 66
32 68
32 73
32 76
32 82
32 95
32 98
32 99
32 101
32 103
32 105
32 112
32 114
32 125
32 127
32 128
32 129
32 135
32 142
32 148
32 153
32 154
32 155
32 159
32 163
32 171
32 173
32 174
32 177
32 178
32 187
32 188
32 190
32 192
32 193
32 194
33 1
33 2
33 3
33 10
33 24
33 26
33 30
33 36
33 44
33 46
33 52
33 60
33 61
33 62
33 64
33 66
33 70
33 77
33 78
33 82
33 83
33 84
33 87
33 93
33 96
33 105
33 109
33 120
33 122
33 123
33 125
33 130
33 131
33 133
33 134
33 138
33 145
33 152
33 158
33 159
33 162
33 166
33 175
33 178
33 180
33 182
33 184
33 189
33 192
33 194
34 3
34 8
34 15
34 18
34 20
34 23
34 27
34 30
34 31
34 36
34 39
34 41
34 47
34 48
34 52
34 55
34 68
34 72
34 75
34 78
34 81
34 86
34 87
34 89
34 94
34 95
34 96
34 106
34 110
34 111
34 115
34 116
34 117
34 120
34 122
34 123
34 132
34 134
34 138
34 141
34 142
34 144
34 150
34 162
34 163
34 167
34 168
34 171
34 173
34 174
34 178
34 190
34 194
35 6
35 16
35 18
35 25
35 28
35 41
35 43
35 56
35 67
35 69
35 71
35 85
35 86
35 93
35 95
35 96
35 102
35 109
35 111
35 112
35 115
35 116
35 118
35 123
35 124
35 131
35 133
35 136
35 147
35 149
35 154
35 156
35 157
35 164
35 174
35 175
35 178
35 179
35 183
35 187
35 188
35 195
36 5
36 14
36 24
36 26
36 27
36 28
36 30
36 33
36 37
36 38
36 39
36 40
36 41
36 52
36 53
36 54
36 56
36 58
36 66
36 73
36 81
36 82
36 90
36 95
36 102
36 106
36 112
36 120
36 130
36 132
36 134
36 136
36 142
36 143
36 150
36 156
36 157
36 166
36 167
36 168
36 171
36 172
36 173
36 177
36 180
36 182
36 190
36 195
36 198
37 2
37 7
37 11
37 13
37 14
37 18
37 21
37 23
37 24
37 30
37 31
37 40
37 41
37 45
37 55
37 56
37 57
37 70
37 71
37 74
37 86
37 91
37 93
37 95
37 98
37 99
37 100
37 105
37 106
37 111
37 112
37 123
37 124
37 137
37 144
37 149
37 152
37 170
37 182
37 193
38 6
38 10
38 15
38 17
38 18
38 26
38 27
38 32
38 34
38 49
38 58
38 61
38 65
38 70
38 73
38 79
38 90
38 91
38 93
38 94
38 95
38 96
38 99
38 101
38 107
38 109
38 110
38 115
38 120
38 132
38 141
38 149
38 150
38 158
38 159
38 169
38 188
38 191
38 193
38 195
39 4
39 7
39 11
39 21
39 24
39 27
39 30
39 33
39 36
39 37
39 39
39 40
39 44
39 55
39 60
39 65
39 67
39 68
39 69
39 72
39 80
39 84
39 85
39 91
39 101
39 121
39 123
39 134
39 135
39 140
39 144
39 146
39 151
39 152
39 154
39 155
39 159
39 164
39 167
39 170
39 171
39 175
39 185
39 191
39 193
39 194
39 198
40 6
40 15
40 17
40 18
40 26
40 29
40 35
40 38
40 39
40 46
40 50
40 54
40 55
40 60
40 62
40 75
40 76
40 93
40 103
40 106
40 110
40 119
40 121
40 133
40 134
40 147
40 155
40 168
40 169
40 170
40 171
40 174
40 177
40 182
40 187
40 189
40 194
41 4
41 8
41 25
41 28
41 29
41 35
41 46
41 48
41 50
41 51
41 60
41 63
41 65
41 68
41 70
41 71
41 77
41 87
41 90
41 102
41 103
41 118
41 119
41 132
41 139
41 159
41 167
41 174
41 180
41 189
42 4
42 11
42 12
42 13
42 19
42 25
42 28
42 29
42 32
42 39
42 43
42 44
42 50
42 54
42 56
42 57
42 59
42 63
42 67
42 70
42 71
42 78
42 80
42 84
42 87
42 95
42 103
42 108
42 110
42 117
42 118
42 121
42 125
42 126
42 129
42 132
42 135
42 140
42 143
42 156
42 159
42 164
42 169
42 171
42 178
42 179
42 180
42 182
42 184
42 191
43 6
43 8
43 13
43 15
43 19
43 20
43 23
43 34
43 35
43 41
43 44
43 47
43 49
43 58
43 64
43 66
43 73
43 75
43 80
43 85
43 86
43 87
43 91
43 92
43 95
43 98
43 103
43 105
43 113
43 114
43 121
43 123
43 127
43 128
43 130
43 145
43 151
43 152
43 153
43 157
43 169
43 171
43 177
43 184
43 185
43 187
43 190
43 191
43 195
44 5
44 12
44 15
44 24
44 27
44 28
44 29
44 50
44 52
44 54
44 56
44 60
44 61
44 62
44 68
44 69
44 70
44 71
44 73
44 75
44 78
44 81
44 82
44 85
44 88
44 91
44 92
44 96
44 97
44 104
44 105
44 107
44 111
44 112
44 115
44 116
44 123
44 124
44 129
44 130
44 131
44 133
44 138
44 142
44 144
44 149
44 154
44 157
44 161
44 165
44 166
44 167
44 172
44 174
44 177
44 178
44 179
44 182
44 185
44 186
44 197
45 6
45 7
45 9
45 13
45 19
45 25
45 30
45 31
45 35
45 36
45 64
45 79
45 80
45 81
45 84
45 87
45 89
45 91
45 92
45 96
45 98
45 108
45 116
45 117
45 123
45 128
45 132
45 139
45 141
45 153
45 155
45 157
45 162
45 166
45 170
45 174
45 175
45 181
45 184
45 187
45 192
45 195
46 4
46 6
46 21
46 24
46 44
46 47
46 62
46 63
46 64
46 67
46 75
46 76
46 84
46 89
46 104
46 106
46 108
46 111
46 114
46 121
46 133
46 138
46 140
46 141
46 148
46 149
46 153
46 156
46 157
46 162
46 164
46 168
46 172
46 176
46 185
46 186
46 192
47 2
47 8
47 15
47 25
47 27
47 28
47 32
47 33
47 36
47 37
47 43
47 45
47 47
47 52
47 58
47 59
47 73
47 75
47 79
47 84
47 89
47 94
47 109
47 110
47 111
47 112
47 113
47 117
47 118
47 122
47 124
47 126
47 142
47 143
47 145
47 148
47 151
47 153
47 157
47 161
47 167
47 172
47 175
47 179
47 183
47 192
47 194
47 195
47 196
47 197
48 3
48 6
48 20
48 22
48 24
48 27
48 31
48 34
48 42
48 48
48 53
48 59
48 63
48 69
48 72
48 74
48 77
48 78
48 82
48 84
48 92
48 93
48 94
48 96
48 100
48 102
48 105
48 112
48 113
48 116
48 117
48 129
48 139
48 141
48 145
48 150
48 151
48 154
48 157
48 160
48 166
48 170
48 176
48 180
48 184
48 190
48 193
48 194
49 3
49 9
49 14
49 18
49 28
49 33
49 35
49 43
49 44
49 46
49 47
49 51
49 55
49 57
49 60
49 62
49 65
49 73
49 77
49 79
49 81
49 88
49 102
49 105
49 110
49 112
49 113
49 115
49 119
49 130
49 140
49 144
49 150
49 157
49 164
49 183
49 189
49 190
49 191
49 195
49 196
49 198
50 4
50 18
50 22
50 23
50 30
50 32
50 36
50 39
50 45
50 46
50 52
50 53
50 54
50 56
50 57
50 59
50 60
50 62
50 64
50 72
50 74
50 78
50 80
50 82
50 83
50 85
50 87
50 93
50 95
50 101
50 103
50 104
50 112
50 118
50 121
50 122
50 129
50 136
50 141
50 146
50 159
50 160
50 162
50 167
50 170
50 173
50 179
50 187
51 13
51 16
51 17
51 21
51 22
51 25
51 26
51 41
51 52
51 56
51 61
51 62
51 63
51 67
51 71
51 73
51 78
51 81
51 84
51 85
51 92
51 96
51 105
51 107
51 113
51 115
51 119
51 136
51 141
51 149
51 152
51 153
51 154
51 158
51 162
51 173
51 186
52 4
52 11
52 13
52 15
52 19
52 25
52 26
52 27
52 28
52 31
52 33
52 35
52 44
52 46
52 50
52 57
52 58
52 60
52 62
52 64
52 75
52 78
52 80
52 86
52 88
52 94
52 95
52 96
52 100
52 105
52 106
52 107
52 110
52 116
52 121
52 123
52 126
52 130
52 141
52 143
52 144
52 151
52 153
52 154
52 156
52 164
52 172
52 174
52 176
52 180
52 185
53 2
53 6
53 7
53 17
53 18
53 19
53 21
53 25
53 27
53 28
53 29
53 35
53 36
53 48
53 64
53 69
53 72
53 77
53 78
53 79
53 82
53 86
53 87
53 91
53 95
53 99
53 100
53 113
53 117
53 121
53 126
53 127
53 129
53 130
53 131
53 133
53 139
53 142
53 143
53 146
53 149
53 160
53 165
53 175
53 181
53 182
53 183
53 186
53 191
54 6
54 8
54 12
54 17
54 22
54 26
54 32
54 37
54 44
54 52
54 54
54 55
54 60
54 84
54 90
54 100
54 106
54 109
54 116
54 118
54 120
54 125
54 127
54 130
54 137
54 140
54 143
54 146
54 150
54 152
54 158
54 160
54 161
54 163
54 177
54 185
54 191
54 192
54 194
54 197
55 5
55 9
55 13
55 14
55 22
55 23
55 24
55 25
55 27
55 29
55 30
55 33
55 37
55 42
55 47
55 50
55 56
55 59
55 63
55 73
55 77
55 78
55 82
55 88
55 94
55 95
55 100
55 102
55 103
55 104
55 108
55 109
55 115
55 116
55 117
55 123
55 124
55 129
55 130
55 136
55 137
55 142
55 153
55 155
55 157
55 163
55 167
55 168
55 170
55 175
55 178
55 179
55 182
55 184
55 191
55 198
56 5
56 6
56 11
56 12
56 13
56 17
56 18
56 20
56 21
56 22
56 25
56 29
56 31
56 36
56 38
56 40
56 42
56 43
56 49
56 54
56 55
56 59
56 64
56 80
56 83
56 87
56 95
56 101
56 106
56 109
56 110
56 122
56 125
56 132
56 133
56 137
56 143
56 144
56 148
56 152
56 155
56 156
56 157
56 172
56 184
56 185
56 190
56 195
57 2
57 4
57 8
57 10
57 12
57 13
57 19
57 20
57 21
57 24
57 36
57 50
57 52
57 53
57 57
57 59
57 62
57 63
57 64
57 76
57 84
57 86
57 88
57 93
57 102
57 103
57 106
57 112
57 119
57 124
57 130
57 147
57 149
57 160
57 167
57 171
57 178
57 181
57 186
57 187
57 191
57 194
57 198
58 6
58 8
58 9
58 13
58 21
58 23
58 26
58 27
58 28
58 34
58 37
58 42
58 46
58 47
58 57
58 59
58 61
58 77
58 87
58 88
58 89
58 93
58 97
58 106
58 108
58 110
58 112
58 121
58 130
58 131
58 135
58 139
58 141
58 149
58 150
58 160
58 162
58 168
58 170
58 171
58 175
58 184
58 186
58 189
58 197
59 1
59 8
59 9
59 12
59 20
59 22
59 25
59 28
59 43
59 45
59 47
59 51
59 71
59 72
59 74
59 77
59 82
59 86
59 87
59 89
59 90
59 100
59 101
59 109
59 113
59 114
59 115
59 122
59 123
59 136
59 139
59 140
59 149
59 150
59 153
59 162
59 165
59 170
59 173
59 175
59 178
59 180
59 192
59 193
59 194
59 196
59 197
59 198
60 3
60 6
60 14
60 28
60 40
60 47
60 50
60 51
60 53
60 54
60 56
60 57
60 65
60 67
60 70
60 87
60 103
60 106
60 107
60 110
60 114
60 118
60 120
60 125
60 132
60 135
60 139
60 142
60 143
60 149
60 151
60 152
60 154
60 155
60 158
60 163
60 167
60 168
60 169
60 173
60 176
60 179
60 186
61 7
61 9
61 13
61 15
61 27
61 36
61 48
61 52
61 58
61 59
61 62
61 63
61 65
61 77
61 78
61 80
61 85
61 87
61 91
61 92
61 98
61 99
61 107
61 111
61 122
61 123
61 126
61 127
61 132
61 133
61 135
61 144
61 146
61 147
61 151
61 159
61 170
61 186
61 187
61 195
62 12
62 14
62 16
62 17
62 18
62 20
62 23
62 30
62 32
62 33
62 35
62 36
62 37
62 38
62 47
62 48
62 58
62 70
62 73
62 76
62 80
62 87
62 99
62 101
62 111
62 122
62 136
62 139
62 142
62 157
62 158
62 160
62 161
62 165
62 168
62 172
62 179
62 182
62 193
63 1
63 5
63 7
63 8
63 12
63 23
63 31
63 33
63 49
63 56
63 58
63 83
63 86
63 87
63 88
63 92
63 95
63 98
63 105
63 115
63 119
63 129
63 135
63 136
63 137
63 145
63 150
63 152
63 155
63 156
63 160
63 165
63 167
63 177
63 180
63 183
63 185
63 189
63 190
63 191
63 197
64 3
64 9
64 14
64 18
64 23
64 25
64 29
64 32
64 49
64 50
64 55
64 56
64 62
64 63
64 66
64 70
64 72
64 78
64 79
64 86
64 89
64 96
64 111
64 113
64 115
64 118
64 119
64 128
64 134
64 135
64 137
64 138
64 139
64 143
64 145
64 147
64 151
64 157
64 161
64 177
64 183
64 185
64 190
64 196
65 3
65 7
65 16
65 21
65 23
65 24
65 33
65 34
65 41
65 56
65 60
65 65
65 75
65 77
65 87
65 93
65 95
65 96
65 97
65 99
65 115
65 116
65 118
65 119
65 120
65 122
65 124
65 126
65 138
65 140
65 143
65 144
65 147
65 149
65 156
65 160
65 163
65 167
65 170
65 173
65 175
65 181
65 186
65 188
65 190
66 3
66 4
66 7
66 12
66 20
66 22
66 30
66 31
66 64
66 67
66 69
66 72
66 73
66 74
66 86
66 93
66 96
66 100
66 104
66 106
66 113
66 114
66 119
66 127
66 145
66 150
66 154
66 157
66 159
66 163
66 165
66 166
66 172
66 175
66 181
66 188
66 195
66 196
66 198
67 3
67 9
67 12
67 18
67 19
67 25
67 27
67 35
67 48
67 53
67 56
67 60
67 64
67 65
67 67
67 70
67 72
67 75
67 82
67 85
67 87
67 95
67 97
67 100
67 108
67 117
67 118
67 119
67 122
67 123
67 125
67 127
67 136
67 138
67 139
67 141
67 147
67 149
67 158
67 162
67 163
67 170
67 174
67 176
67 178
67 188
67 192
67 196
68 9
68 15
68 17
68 18
68 19
68 27
68 29
68 32
68 47
68 53
68 57
68 58
68 64
68 69
68 77
68 88
68 90
68 105
68 106
68 107
68 111
68 112
68 127
68 133
68 135
68 136
68 142
68 144
68 148
68 150
68 156
68 157
68 160
68 166
68 171
68 172
68 173
68 180
68 184
68 185
68 189
68 190
68 193
69 5
69 7
69 8
69 9
69 23
69 32
69 33
69 38
69 39
69 42
69 43
69 46
69 53
69 56
69 75
69 77
69 78
69 79
69 83
69 87
69 90
69 97
69 99
69 101
69 106
69 107
69 124
69 129
69 132
69 137
69 141
69 143
69 152
69 154
69 155
69 156
69 161
69 166
69 168
69 170
69 172
69 174
69 175
69 178
69 184
69 185
69 189
69 193
69 194
69 198
70 5
70 9
70 11
70 16
70 18
70 24
70 25
70 27
70 31
70 36
70 38
70 42
70 46
70 60
70 61
70 67
70 68
70 73
70 76
70 79
70 82
70 87
70 97
70 99
70 102
70 104
70 106
70 107
70 109
70 122
70 124
70 125
70 131
70 133
70 134
70 135
70 145
70 147
70 149
70 153
70 160
70 161
70 167
70 172
70 175
70 176
70 179
70 183
70 188
71 1
71 4
71 7
71 17
71 18
71 19
71 37
71 39
71 41
71 46
71 48
71 60
71 63
71 67
71 76
71 77
71 89
71 93
71 99
71 101
71 103
71 104
71 105
71 109
71 110
71 113
71 114
71 119
71 121
71 125
71 134
71 143
71 144
71 145
71 146
71 147
71 153
71 156
71 162
71 163
71 169
71 171
71 173
71 180
71 181
71 182
71 188
71 189
71 192
71 195
71 197
72 10
72 13
72 16
72 27
72 28
72 33
72 35
72 39
72 43
72 50
72 61
72 66
72 69
72 71
72 80
72 82
72 97
72 101
72 103
72 106
72 109
72 110
72 120
72 133
72 137
72 138
72 152
72 154
72 156
72 160
72 167
72 169
72 176
72 188
73 2
73 4
73 8
73 9
73 16
73 17
73 22
73 23
73 29
73 34
73 35
73 43
73 44
73 51
73 53
73 54
73 56
73 57
73 59
73 60
73 61
73 62
73 64
73 73
73 75
73 80
73 81
73 90
73 95
73 96
73 105
73 106
73 117
73 118
73 119
73 121
73 123
73 124
73 126
73 128
73 134
73 135
73 166
73 169
73 182
73 183
73 185
73 186
73 188
73 189
73 192
73 193
73 195
73 196
74 4
74 5
74 12
74 23
74 29
74 39
74 44
74 51
74 56
74 58
74 62
74 67
74 68
74 76
74 84
74 87
74 99
74 118
74 119
74 126
74 128
74 130
74 138
74 140
74 146
74 149
74 153
74 161
74 164
74 166
74 173
74 176
74 178
74 180
74 183
74 195
74 196
75 8
75 12
75 15
75 21
75 27
75 33
75 34
75 39
75 41
75 44
75 45
75 49
75 56
75 59
75 90
75 93
75 96
75 105
75 108
75 111
75 114
75 120
75 124
75 126
75 129
75 142
75 143
75 144
75 146
75 148
75 153
75 157
75 158
75 164
75 165
75 166
75 167
75 172
75 181
75 184
75 186
75 187
75 188
75 192
75 193
75 198
76 1
76 2
76 5
76 9
76 18
76 19
76 20
76 26
76 27
76 32
76 45
76 46
76 47
76 49
76 58
76 61
76 66
76 78
76 80
76 86
76 90
76 101
76 104
76 108
76 110
76 114
76 117
76 118
76 123
76 125
76 127
76 130
76 136
76 142
76 151
76 152
76 157
76 158
76 162
76 169
76 173
76 177
76 178
76 190
76 197
77 6
77 8
77 13
77 14
77 16
77 26
77 27
77 32
77 36
77 38
77 39
77 41
77 43
77 48
77 56
77 58
77 69
77 70
77 76
77 77
77 82
77 88
77 90
77 93
77 97
77 104
77 105
77 112
77 114
77 129
77 131
77 138
77 142
77 148
77 153
77 157
77 161
77 163
77 169
77 172
77 174
77 175
77 176
77 177
77 182
77 183
77 185
77 187
77 190
77 193
77 195
78 7
78 8
78 11
78 20
78 24
78 41
78 54
78 55
78 58
78 60
78 72
78 81
78 83
78 84
78 93
78 95
78 106
78 107
78 120
78 124
78 125
78 128
78 130
78 133
78 137
78 139
78 143
78 144
78 146
78 155
78 159
78 163
78 165
78 168
78 171
78 174
78 180
78 184
78 186
78 187
78 190
78 192
78 195
78 197
78 198
79 2
79 3
79 7
79 11
79 12
79 14
79 21
79 28
79 33
79 36
79 42
79 43
79 48
79 51
79 56
79 59
79 63
79 64
79 70
79 72
79 73
79 79
79 82
79 83
79 93
79 97
79 101
79 104
79 107
79 108
79 109
79 116
79 123
79 125
79 128
79 129
79 131
79 135
79 136
79 145
79 147
79 148
79 149
79 150
79 152
79 155
79 165
79 166
79 167
79 169
79 170
79 172
79 178
79 181
79 182
79 187
79 189
80 6
80 8
80 12
80 15
80 16
80 28
80 38
80 40
80 47
80 51
80 52
80 54
80 57
80 60
80 66
80 67
80 68
80 71
80 76
80 79
80 86
80 90
80 95
80 98
80 101
80 102
80 112
80 116
80 121
80 122
80 124
80 126
80 129
80 130
80 132
80 133
80 137
80 138
80 139
80 141
80 143
80 145
80 151
80 153
80 158
80 161
80 172
80 179
80 183
80 185
80 187
80 191
80 193
80 198
81 6
81 10
81 11
81 21
81 23
81 24
81 26
81 33
81 36
81 41
81 46
81 52
81 58
81 59
81 60
81 63
81 64
81 71
81 76
81 80
81 82
81 89
81 94
81 98
81 106
81 107
81 108
81 110
81 111
81 114
81 115
81 121
81 122
81 123
81 130
81 140
81 142
81 143
81 152
81 163
81 183
81 184
81 192
81 196
82 5
82 7
82 19
82 21
82 22
82 31
82 35
82 36
82 37
82 43
82 47
82 49
82 54
82 57
82 63
82 64
82 66
82 67
82 76
82 83
82 86
82 88
82 90
82 91
82 95
82 99
82 107
82 111
82 112
82 118
82 137
82 141
82 143
82 155
82 157
82 158
82 168
82 172
82 176
82 179
82 181
82 183
82 188
82 197
82 198
83 7
83 10
83 11
83 15
83 18
83 34
83 36
83 39
83 41
83 43
83 60
83 62
83 67
83 71
83 75
83 76
83 77
83 78
83 80
83 82
83 84
83 87
83 88
83 91
83 94
83 95
83 101
83 107
83 111
83 119
83 120
83 121
83 127
83 128
83 133
83 135
83 136
83 145
83 146
83 147
83 149
83 155
83 170
83 173
83 181
83 188
83 192
83 198
84 10
84 14
84 19
84 29
84 32
84 54
84 57
84 59
84 66
84 70
84 73
84 81
84 83
84 88
84 97
84 105
84 106
84 108
84 110
84 114
84 115
84 117
84 126
84 131
84 133
84 150
84 152
84 163
84 167
84 170
84 171
84 176
84 178
84 188
84 191
84 194
85 6
85 7
85 9
85 12
85 18
85 20
85 39
85 49
85 51
85 52
85 60
85 67
85 72
85 80
85 81
85 82
85 85
85 97
85 102
85 108
85 111
85 115
85 117
85 128
85 146
85 153
85 159
85 165
85 166
85 168
85 169
85 174
85 183
85 184
85 186
85 187
85 188
85 194
86 6
86 8
86 16
86 25
86 40
86 44
86 45
86 56
86 57
86 58
86 59
86 60
86 66
86 68
86 69
86 70
86 82
86 86
86 90
86 94
86 98
86 102
86 106
86 115
86 119
86 122
86 125
86 127
86 130
86 131
86 138
86 140
86 144
86 146
86 156
86 163
86 164
86 165
86 168
86 169
86 170
86 177
86 181
86 188
86 194
86 197
87 5
87 15
87 17
87 19
87 24
87 31
87 36
87 45
87 53
87 61
87 65
87 68
87 74
87 96
87 100
87 103
87 115
87 122
87 124
87 128
87 135
87 137
87 138
87 143
87 148
87 157
87 159
87 160
87 162
87 164
87 167
87 170
87 175
87 177
87 179
87 183
87 185
87 196
88 1
88 10
88 16
88 21
88 28
88 34
88 39
88 40
88 45
88 48
88 51
88 63
88 68
88 69
88 73
88 74
88 78
88 80
88 84
88 85
88 86
88 91
88 94
88 96
88 97
88 98
88 101
88 112
88 114
88 116
88 121
88 122
88 133
88 135
88 138
88 139
88 143
88 145
88 147
88 158
88 160
88 166
88 169
88 171
88 187
88 195
88 196
89 2
89 7
89 15
89 17
89 18
89 25
89 26
89 30
89 35
89 38
89 39
89 41
89 42
89 47
89 50
89 51
89 54
89 71
89 72
89 73
89 74
89 79
89 80
89 81
89 83
89 86
89 90
89 93
89 94
89 99
89 100
89 103
89 104
89 119
89 121
89 130
89 140
89 143
89 148
89 150
89 152
89 155
89 156
89 157
89 163
89 167
89 174
89 178
89 180
89 184
89 186
89 189
89 191
90 5
90 7
90 9
90 13
90 28
90 41
90 42
90 43
90 63
90 66
90 69
90 77
90 81
90 84
90 90
90 91
90 94
90 95
90 100
90 101
90 109
90 110
90 113
90 121
90 123
90 132
90 134
90 142
90 146
90 147
90 150
90 155
90 156
90 160
90 165
90 166
90 175
90 181
90 182
90 183
90 184
90 187
90 192
90 193
90 198
91 2
91 4
91 10
91 18
91 22
91 26
91 30
91 33
91 40
91 42
91 45
91 51
91 54
91 56
91 65
91 66
91 68
91 81
91 86
91 90
91 91
91 93
91 102
91 116
91 119
91 123
91 124
91 126
91 134
91 143
91 150
91 155
91 157
91 165
91 166
91 177
91 178
91 180
91 191
91 197
92 11
92 12
92 15
92 20
92 21
92 30
92 34
92 35
92 38
92 39
92 42
92 45
92 49
92 50
92 53
92 54
92 62
92 76
92 80
92 83
92 84
92 94
92 101
92 103
92 112
92 113
92 118
92 120
92 125
92 126
92 130
92 135
92 138
92 145
92 149
92 150
92 152
92 153
92 156
92 159
92 161
92 164
92 166
92 170
92 173
92 174
92 184
92 189
92 190
92 196
92 198
93 1
93 3
93 4
93 14
93 27
93 28
93 31
93 32
93 37
93 46
93 47
93 48
93 61
93 66
93 68
93 73
93 77
93 82
93 85
93 88
93 89
93 93
93 94
93 98
93 100
93 103
93 104
93 108
93 114
93 117
93 126
93 131
93 133
93 141
93 143
93 147
93 150
93 160
93 162
93 168
93 169
93 172
93 175
93 179
93 181
93 182
93 189
93 190
93 193
93 196
94 4
94 11
94 13
94 20
94 25
94 30
94 33
94 34
94 39
94 43
94 45
94 46
94 47
94 56
94 63
94 64
94 65
94 66
94 72
94 73
94 75
94 79
94 82
94 83
94 90
94 99
94 109
94 116
94 125
94 126
94 132
94 139
94 143
94 146
94 148
94 149
94 151
94 167
94 176
94 179
94 190
94 191
94 195
95 1
95 6
95 10
95 12
95 30
95 33
95 40
95 41
95 50
95 52
95 58
95 60
95 62
95 67
95 76
95 78
95 94
95 98
95 111
95 114
95 118
95 119
95 128
95 132
95 133
95 134
95 139
95 140
95 141
95 148
95 185
95 191
96 10
96 20
96 22
96 25
96 26
96 28
96 30
96 31
96 33
96 34
96 40
96 47
96 48
96 50
96 53
96 68
96 81
96 83
96 92
96 100
96 107
96 114
96 117
96 118
96 127
96 129
96 134
96 135
96 139
96 148
96 152
96 155
96 157
96 159
96 162
96 164
96 174
96 187
96 188
96 194
96 196
97 5
97 6
97 13
97 16
97 24
97 36
97 38
97 40
97 47
97 48
97 53
97 59
97 60
97 61
97 72
97 85
97 91
97 94
97 104
97 105
97 112
97 116
97 123
97 125
97 127
97 133
97 136
97 139
97 141
97 153
97 168
97 172
97 179
97 182
97 187
97 190
97 191
97 197
98 4
98 7
98 21
98 31
98 36
98 42
98 43
98 45
98 54
98 57
98 64
98 67
98 77
98 79
98 80
98 87
98 92
98 93
98 95
98 111
98 112
98 116
98 117
98 119
98 123
98 124
98 132
98 136
98 146
98 154
98 157
98 160
98 161
98 162
98 165
98 167
98 175
98 179
98 183
98 186
98 189
98 198
99 7
99 8
99 22
99 24
99 31
99 34
99 40
99 44
99 45
99 49
99 53
99 58
99 59
99 66
99 71
99 77
99 80
99 90
99 91
99 103
99 107
99 110
99 113
99 116
99 122
99 129
99 132
99 135
99 144
99 145
99 149
99 165
99 168
99 171
99 175
99 181
99 198
100 9
100 10
100 16
100 17
100 19
100 26
100 28
100 31
100 34
100 36
100 38
100 43
100 45
100 46
100 53
100 55
100 58
100 60
100 68
100 71
100 77
100 78
100 80
100 81
100 82
100 83
100 86
100 87
100 89
100 91
100 97
100 98
100 104
100 105
100 106
100 121
100 122
100 130
100 142
100 147
100 150
100 151
100 154
100 180
100 184
100 185
100 196
101 1
101 12
101 13
101 18
101 20
101 21
101 23
101 28
101 51
101 53
101 60
101 61
101 70
101 73
101 84
101 87
101 88
101 91
101 93
101 99
101 102
101 106
101 110
101 117
101 119
101 120
101 125
101 126
101 137
101 140
101 155
101 157
101 160
101 161
101 167
101 168
101 169
101 176
101 182
101 193
101 194
102 2
102 5
102 12
102 14
102 16
102 20
102 23
102 28
102 33
102 34
102 35
102 39
102 43
102 61
102 70
102 75
102 76
102 77
102 79
102 89
102 93
102 96
102 97
102 105
102 106
102 109
102 116
102 121
102 123
102 124
102 125
102 126
102 128
102 133
102 139
102 146
102 158
102 160
102 162
102 164
102 165
102 174
102 175
102 178
102 180
102 181
102 189
102 190
102 192
102 195
102 197
103 1
103 5
103 16
103 17
103 18
103 23
103 26
103 28
103 29
103 31
103 38
103 54
103 62
103 67
103 69
103 71
103 73
103 88
103 89
103 91
103 96
103 97
103 104
103 107
103 116
103 123
103 127
103 130
103 134
103 139
103 143
103 144
103 148
103 150
103 152
103 154
103 157
103 160
103 168
103 171
103 175
103 176
103 181
103 184
103 197
104 9
104 22
104 26
104 28
104 29
104 30
104 31
104 48
104 54
104 56
104 66
104 67
104 69
104 74
104 78
104 80
104 91
104 92
104 94
104 96
104 107
104 112
104 113
104 114
104 117
104 118
104 120
104 123
104 132
104 133
104 135
104 139
104 150
104 158
104 160
104 161
104 169
104 171
104 176
104 178
104 189
104 190
104 195
104 197
105 7
105 9
105 12
105 26
105 27
105 35
105 38
105 40
105 41
105 47
105 53
105 54
105 56
105 63
105 66
105 68
105 72
105 73
105 78
105 80
105 82
105 83
105 88
105 90
105 92
105 98
105 105
105 107
105 113
105 118
105 124
105 125
105 131
105 149
105 154
105 156
105 160
105 165
105 173
105 174
105 183
105 187
105 189
105 196
106 1
106 3
106 8
106 10
106 17
106 21
106 27
106 28
106 29
106 35
106 43
106 44
106 45
106 55
106 58
106 62
106 75
106 81
106 82
106 83
106 86
106 93
106 96
106 97
106 101
106 103
106 106
106 118
106 126
106 127
106 133
106 138
106 140
106 146
106 147
106 148
106 150
106 163
106 166
106 167
106 171
106 182
106 192
107 11
107 16
107 21
107 22
107 26
107 36
107 46
107 47
107 79
107 80
107 81
107 91
107 99
107 101
107 102
107 104
107 105
107 109
107 115
107 116
107 123
107 125
107 133
107 144
107 148
107 157
107 165
107 167
107 173
107 174
107 180
107 189
107 195
108 10
108 12
108 14
108 16
108 17
108 28
108 30
108 45
108 48
108 51
108 62
108 65
108 71
108 74
108 79
108 82
108 83
108 92
108 102
108 124
108 129
108 143
108 144
108 153
108 169
108 173
108 175
108 183
108 186
108 192
108 197
109 5
109 12
109 16
109 19
109 20
109 23
109 26
109 28
109 29
109 39
109 43
109 44
109 52
109 54
109 68
109 72
109 76
109 78
109 82
109 83
109 85
109 92
109 108
109 110
109 111
109 122
109 124
109 148
109 153
109 155
109 158
109 161
109 163
109 179
109 180
109 182
109 183
109 191
109 192
109 196
109 197
109 198
110 5
110 8
110 13
110 19
110 21
110 24
110 26
110 28
110 29
110 31
110 35
110 36
110 41
110 47
110 54
110 57
110 61
110 80
110 93
110 97
110 101
110 112
110 115
110 118
110 121
110 133
110 155
110 161
110 166
110 168
110 176
110 178
110 182
110 189
110 190
110 191
110 195
111 3
111 7
111 10
111 12
111 13
111 17
111 19
111 32
111 33
111 34
111 36
111 37
111 39
111 42
111 43
111 46
111 48
111 52
111 56
111 62
111 79
111 80
111 88
111 91
111 92
111 96
111 97
111 99
111 112
111 120
111 123
111 125
111 135
111 137
111 141
111 142
111 143
111 149
111 160
111 167
111 169
111 170
111 177
111 180
111 185
111 186
111 191
111 192
111 193
112 10
112 13
112 24
112 25
112 26
112 34
112 36
112 39
112 43
112 44
112 52
112 56
112 58
112 59
112 66
112 70
112 71
112 73
112 78
112 88
112 91
112 97
112 98
112 102
112 111
112 112
112 116
112 123
112 126
112 135
112 137
112 140
112 141
112 146
112 149
112 158
112 163
112 169
112 170
112 171
112 173
112 175
112 183
112 185
112 190
112 195
113 9
113 14
113 16
113 18
113 19
113 26
113 29
113 37
113 38
113 40
113 42
113 50
113 51
113 60
113 61
113 67
113 75
113 79
113 92
113 93
113 94
113 96
113 97
113 98
113 99
113 101
113 102
113 106
113 109
113 118
113 123
113 125
113 127
113 130
113 144
113 148
113 155
113 160
113 167
113 169
113 172
113 174
113 180
113 182
114 5
114 14
114 28
114 32
114 35
114 37
114 39
114 53
114 56
114 57
114 66
114 72
114 79
114 80
114 82
114 92
114 94
114 95
114 100
114 102
114 104
114 110
114 111
114 114
114 119
114 122
114 126
114 129
114 133
114 134
114 136
114 142
114 143
114 151
114 153
114 154
114 160
114 163
114 165
114 172
114 178
114 182
114 192
114 195
114 197
115 1
115 2
115 3
115 8
115 16
115 21
115 28
115 33
115 36
115 48
115 53
115 55
115 65
115 66
115 68
115 71
115 81
115 82
115 85
115 89
115 91
115 92
115 101
115 106
115 108
115 110
115 115
115 116
115 119
115 120
115 121
115 123
115 134
115 135
115 140
115 148
115 150
115 151
115 168
115 171
115 175
115 178
115 180
115 188
116 2
116 7
116 9
116 12
116 15
116 16
116 24
116 25
116 28
116 30
116 44
116 45
116 49
116 50
116 53
116 65
116 71
116 72
116 79
116 84
116 96
116 97
116 99
116 100
116 108
116 110
116 115
116 120
116 122
116 124
116 126
116 128
116 133
116 140
116 145
116 147
116 151
116 153
116 156
116 161
116 167
116 168
116 170
116 171
116 179
116 180
116 184
116 196
117 2
117 6
117 7
117 11
117 17
117 22
117 23
117 25
117 34
117 43
117 48
117 60
117 62
117 66
117 72
117 79
117 80
117 83
117 87
117 102
117 109
117 111
117 117
117 118
117 124
117 129
117 134
117 136
117 141
117 146
117 159
117 163
117 166
117 173
117 175
117 176
117 185
117 188
117 190
117 191
117 193
117 197
118 6
118 8
118 12
118 20
118 23
118 24
118 31
118 35
118 40
118 47
118 49
118 60
118 67
118 68
118 71
118 72
118 74
118 85
118 86
118 93
118 94
118 98
118 99
118 100
118 104
118 106
118 107
118 114
118 120
118 121
118 123
118 129
118 130
118 131
118 134
118 149
118 150
118 152
118 165
118 166
118 172
118 173
118 175
118 177
118 180
118 184
118 187
118 189
118 194
118 196
119 2
119 10
119 11
119 14
119 16
119 17
119 18
119 24
119 27
119 33
119 36
119 37
119 39
119 43
119 44
119 46
119 51
119 65
119 66
119 76
119 79
119 82
119 84
119 88
119 99
119 104
119 113
119 115
119 120
119 123
119 125
119 129
119 134
119 141
119 157
119 159
119 160
119 164
119 167
119 170
119 173
119 175
119 184
119 187
119 192
120 1
120 5
120 29
120 30
120 34
120 36
120 38
120 40
120 44
120 49
120 64
120 70
120 73
120 74
120 75
120 76
120 77
120 80
120 92
120 94
120 99
120 102
120 108
120 109
120 114
120 115
120 120
120 122
120 123
120 129
120 131
120 133
120 135
120 136
120 137
120 138
120 141
120 142
120 143
120 149
120 151
120 156
120 159
120 164
120 170
120 171
120 173
120 175
120 181
120 195
120 196
120 198
121 3
121 7
121 8
121 10
121 19
121 20
121 22
121 27
121 28
121 29
121 30
121 31
121 32
121 41
121 44
121 46
121 49
121 50
121 62
121 63
121 70
121 82
121 87
121 93
121 97
121 101
121 102
121 103
121 104
121 120
121 121
121 129
121 141
121 149
121 156
121 159
121 162
121 163
121 164
121 171
121 187
121 188
121 191
121 192
121 193
121 197
122 1
122 6
122 9
122 10
122 11
122 16
122 17
122 18
122 24
122 28
122 42
122 44
122 45
122 47
122 48
122 49
122 50
122 53
122 56
122 58
122 61
122 62
122 66
122 72
122 73
122 81
122 86
122 87
122 88
122 100
122 114
122 117
122 118
122 124
122 125
122 126
122 127
122 129
122 130
122 132
122 133
122 136
122 138
122 140
122 149
122 157
122 164
122 166
122 168
122 173
122 191
123 1
123 4
123 7
123 16
123 27
123 33
123 34
123 39
123 41
123 44
123 48
123 51
123 56
123 57
123 59
123 60
123 61
123 72
123 73
123 75
123 77
123 79
123 85
123 88
123 89
123 102
123 105
123 109
123 118
123 120
123 126
123 134
123 139
123 153
123 154
123 155
123 158
123 161
123 163
123 164
123 165
123 171
123 177
123 182
123 188
123 189
123 198
124 3
124 4
124 11
124 13
124 18
124 19
124 20
124 29
124 31
124 34
124 42
124 56
124 59
124 60
124 61
124 68
124 71
124 74
124 79
124 87
124 90
124 91
124 94
124 103
124 111
124 114
124 116
124 130
124 134
124 138
124 139
124 143
124 145
124 147
124 155
124 158
124 167
124 170
124 175
124 176
124 177
124 181
124 182
124 185
124 196
125 2
125 3
125 6
125 7
125 11
125 12
125 21
125 23
125 30
125 33
125 34
125 47
125 50
125 54
125 55
125 61
125 62
125 70
125 75
125 76
125 81
125 84
125 85
125 97
125 104
125 110
125 112
125 113
125 118
125 130
125 140
125 143
125 144
125 145
125 150
125 155
125 157
125 165
125 176
125 180
125 183
125 188
125 190
125 191
125 194
125 196
125 198
126 2
126 4
126 12
126 13
126 18
126 20
126 23
126 32
126 35
126 39
126 44
126 50
126 59
126 67
126 68
126 70
126 78
126 80
126 83
126 87
126 93
126 99
126 100
126 101
126 105
126 108
126 111
126 116
126 119
126 141
126 143
126 147
126 152
126 156
126 164
126 168
126 171
126 175
126 177
126 178
126 180
126 183
126 184
126 191
126 194
126 196
127 4
127 5
127 24
127 26
127 27
127 35
127 42
127 43
127 44
127 50
127 53
127 56
127 63
127 68
127 69
127 72
127 76
127 78
127 81
127 85
127 93
127 96
127 97
127 104
127 119
127 121
127 129
127 130
127 133
127 135
127 143
127 145
127 157
127 159
127 165
127 167
127 173
127 174
127 185
127 189
127 190
127 193
127 196
128 5
128 6
128 7
128 9
128 14
128 20
128 23
128 34
128 36
128 37
128 38
128 41
128 44
128 53
128 61
128 62
128 66
128 68
128 70
128 83
128 89
128 92
128 93
128 95
128 98
128 101
128 105
128 107
128 109
128 112
128 123
128 125
128 126
128 131
128 132
128 134
128 135
128 140
128 141
128 147
128 148
128 149
128 154
128 156
128 162
128 167
128 176
128 182
128 189
129 3
129 23
129 24
129 26
129 29
129 36
129 43
129 45
129 50
129 53
129 56
129 57
129 64
129 66
129 67
129 68
129 71
129 73
129 78
129 80
129 81
129 84
129 86
129 88
129 91
129 103
129 106
129 108
129 109
129 113
129 121
129 132
129 138
129 140
129 150
129 153
129 156
129 157
129 162
129 164
129 165
129 176
129 180
129 181
129 183
129 187
130 11
130 12
130 14
130 15
130 18
130 20
130 21
130 28
130 29
130 32
130 45
130 49
130 54
130 58
130 60
130 70
130 72
130 83
130 87
130 100
130 101
130 107
130 113
130 122
130 131
130 134
130 136
130 138
130 139
130 140
130 141
130 158
130 164
130 167
130 176
130 178
130 180
130 194
130 197
130 198
131 3
131 10
131 11
131 13
131 15
131 23
131 30
131 42
131 45
131 46
131 49
131 51
131 62
131 64
131 67
131 70
131 71
131 73
131 75
131 78
131 82
131 86
131 94
131 97
131 103
131 105
131 108
131 115
131 119
131 120
131 127
131 140
131 146
131 154
131 175
131 176
131 188
131 190
131 196
131 198
132 7
132 10
132 29
132 32
132 33
132 42
132 44
132 45
132 46
132 47
132 52
132 54
132 62
132 63
132 67
132 68
132 70
132 71
132 72
132 89
132 98
132 99
132 107
132 109
132 110
132 122
132 123
132 127
132 132
132 141
132 154
132 165
132 179
132 192
132 194
132 195
133 5
133 11
133 13
133 15
133 18
133 20
133 24
133 29
133 37
133 38
133 40
133 42
133 45
133 46
133 57
133 60
133 63
133 65
133 70
133 78
133 82
133 86
133 91
133 92
133 94
133 95
133 96
133 99
133 100
133 102
133 110
133 111
133 121
133 128
133 133
133 138
133 148
133 160
133 167
133 168
133 171
133 176
133 191
133 192
133 194
133 197
134 4
134 5
134 18
134 19
134 20
134 21
134 26
134 27
134 31
134 35
134 55
134 65
134 67
134 68
134 74
134 76
134 78
134 82
134 85
134 94
134 98
134 101
134 102
134 105
134 116
134 143
134 146
134 147
134 152
134 157
134 160
134 161
134 162
134 165
134 166
134 169
134 171
134 173
134 175
134 177
134 181
134 182
134 189
134 193
134 195
134 197
135 2
135 4
135 20
135 25
135 35
135 37
135 41
135 44
135 45
135 53
135 54
135 68
135 69
135 76
135 83
135 87
135 88
135 89
135 91
135 92
135 100
135 103
135 107
135 108
135 115
135 118
135 125
135 135
135 138
135 141
135 144
135 148
135 154
135 155
135 162
135 167
135 173
135 178
135 179
135 180
135 182
135 186
135 190
135 194
136 5
136 17
136 26
136 35
136 38
136 40
136 57
136 67
136 68
136 69
136 75
136 76
136 79
136 104
136 105
136 106
136 108
136 109
136 116
136 130
136 133
136 144
136 146
136 157
136 160
136 164
136 167
136 168
136 172
136 176
136 182
136 185
136 187
137 8
137 9
137 10
137 11
137 13
137 17
137 21
137 24
137 28
137 32
137 37
137 43
137 51
137 66
137 69
137 70
137 75
137 76
137 78
137 81
137 84
137 100
137 103
137 108
137 109
137 112
137 113
137 115
137 116
137 122
137 127
137 130
137 132
137 136
137 142
137 144
137 149
137 151
137 152
137 155
137 157
137 163
137 168
137 170
137 175
137 176
137 179
137 184
137 196
138 1
138 6
138 25
138 31
138 32
138 38
138 39
138 42
138 43
138 44
138 45
138 48
138 54
138 58
138 59
138 69
138 78
138 83
138 84
138 90
138 92
138 103
138 112
138 117
138 118
138 124
138 134
138 144
138 148
138 153
138 156
138 157
138 167
138 170
138 173
138 174
138 184
138 186
138 192
138 194
138 196
138 198
139 4
139 5
139 8
139 14
139 17
139 18
139 26
139 27
139 31
139 35
139 38
139 40
139 54
139 56
139 63
139 68
139 70
139 77
139 81
139 82
139 84
139 88
139 89
139 92
139 93
139 97
139 102
139 105
139 106
139 111
139 113
139 114
139 118
139 121
139 140
139 141
139 145
139 147
139 150
139 151
139 167
139 173
139 175
139 183
139 191
139 195
139 196
139 198
140 3
140 6
140 24
140 25
140 30
140 32
140 34
140 37
140 39
140 51
140 53
140 63
140 65
140 66
140 72
140 75
140 83
140 84
140 85
140 89
140 91
140 103
140 108
140 109
140 111
140 114
140 124
140 126
140 127
140 128
140 143
140 146
140 148
140 152
140 158
140 160
140 161
140 163
140 164
140 180
140 181
140 183
140 184
140 185
140 186
140 187
140 193
141 5
141 12
141 24
141 29
141 36
141 44
141 51
141 64
141 66
141 70
141 79
141 82
141 83
141 88
141 89
141 90
141 93
141 97
141 100
141 110
141 119
141 121
141 124
141 125
141 126
141 158
141 161
141 162
141 167
141 174
141 176
141 177
141 178
141 181
141 187
141 193
141 198
142 2
142 15
142 21
142 32
142 42
142 49
142 52
142 56
142 59
142 62
142 63
142 68
142 69
142 75
142 76
142 79
142 80
142 90
142 91
142 100
142 101
142 104
142 108
142 109
142 118
142 121
142 122
142 123
142 127
142 128
142 136
142 142
142 153
142 164
142 166
142 167
142 175
142 176
142 180
142 184
142 188
142 189
142 193
143 1
143 6
143 7
143 12
143 16
143 19
143 25
143 33
143 38
143 42
143 43
143 48
143 57
143 65
143 67
143 69
143 73
143 76
143 77
143 80
143 84
143 88
143 89
143 91
143 94
143 95
143 98
143 100
143 105
143 107
143 112
143 113
143 115
143 118
143 119
143 121
143 122
143 124
143 134
143 138
143 140
143 142
143 146
143 148
143 152
143 160
143 180
143 182
143 185
143 188
143 189
143 196
143 198
144 1
144 5
144 7
144 15
144 24
144 29
144 30
144 34
144 37
144 39
144 50
144 53
144 56
144 57
144 61
144 64
144 71
144 76
144 85
144 90
144 100
144 114
144 123
144 127
144 136
144 137
144 142
144 147
144 158
144 159
144 161
144 163
144 167
144 170
144 171
144 176
144 177
144 182
144 191
144 192
144 195
144 197
145 1
145 5
145 8
145 9
145 25
145 30
145 32
145 33
145 36
145 42
145 45
145 53
145 57
145 61
145 64
145 73
145 75
145 76
145 84
145 87
145 92
145 96
145 97
145 100
145 104
145 105
145 121
145 127
145 130
145 132
145 136
145 137
145 141
145 145
145 146
145 153
145 160
145 163
145 164
145 167
145 172
145 174
145 179
145 181
145 182
145 186
145 189
145 193
146 2
146 16
146 17
146 20
146 32
146 33
146 36
146 41
146 42
146 47
146 51
146 57
146 58
146 59
146 64
146 69
146 72
146 77
146 79
146 82
146 84
146 92
146 96
146 104
146 109
146 112
146 117
146 129
146 131
146 133
146 144
146 148
146 154
146 156
146 162
146 164
146 170
146 176
146 182
146 191
147 4
147 5
147 6
147 8
147 10
147 14
147 31
147 33
147 37
147 38
147 42
147 44
147 49
147 56
147 58
147 60
147 61
147 64
147 69
147 76
147 79
147 80
147 90
147 91
147 93
147 100
147 101
147 108
147 111
147 112
147 113
147 114
147 122
147 133
147 136
147 138
147 145
147 149
147 158
147 165
147 169
147 171
147 173
147 174
147 175
147 176
147 179
147 180
147 181
147 182
147 186
147 195
148 12
148 13
148 25
148 27
148 29
148 32
148 35
148 36
148 37
148 39
148 43
148 45
148 46
148 50
148 58
148 63
148 68
148 71
148 77
148 81
148 88
148 91
148 93
148 98
148 102
148 108
148 117
148 126
148 127
148 133
148 157
148 167
148 168
148 172
148 173
148 177
148 185
148 186
148 192
148 197
149 4
149 7
149 32
149 35
149 36
149 38
149 47
149 48
149 58
149 62
149 77
149 82
149 86
149 88
149 91
149 92
149 106
149 107
149 108
149 109
149 120
149 125
149 127
149 129
149 130
149 131
149 135
149 139
149 141
149 142
149 143
149 147
149 153
149 161
149 163
149 169
149 170
149 176
149 180
149 187
149 188
149 189
150 10
150 16
150 17
150 24
150 28
150 29
150 32
150 34
150 35
150 56
150 62
150 67
150 78
150 79
150 87
150 89
150 93
150 105
150 116
150 118
150 122
150 123
150 125
150 126
150 130
150 134
150 135
150 140
150 151
150 153
150 154
150 160
150 163
150 164
150 169
150 178
150 184
150 188
150 189
150 191
150 194
151 9
151 11
151 15
151 18
151 22
151 23
151 24
151 27
151 28
151 31
151 34
151 35
151 39
151 40
151 41
151 47
151 57
151 58
151 60
151 63
151 68
151 70
151 73
151 78
151 79
151 80
151 85
151 87
151 88
151 95
151 107
151 116
151 118
151 122
151 125
151 126
151 127
151 128
151 130
151 134
151 135
151 140
151 149
151 151
151 153
151 154
151 158
151 161
151 163
151 165
151 167
151 168
151 169
151 179
151 183
151 184
151 193
151 197
151 198
152 8
152 13
152 26
152 30
152 32
152 35
152 39
152 41
152 46
152 49
152 58
152 61
152 71
152 72
152 74
152 86
152 93
152 94
152 110
152 114
152 118
152 124
152 127
152 130
152 132
152 134
152 136
152 144
152 146
152 150
152 157
152 159
152 164
152 168
152 171
152 174
152 181
152 182
152 184
152 188
153 6
153 7
153 10
153 23
153 24
153 38
153 43
153 45
153 49
153 61
153 70
153 76
153 84
153 85
153 86
153 103
153 111
153 113
153 118
153 122
153 123
153 128
153 129
153 140
153 145
153 146
153 149
153 159
153 162
153 165
153 169
153 174
153 176
153 177
153 182
153 184
153 185
153 186
153 191
153 196
153 198
154 4
154 5
154 6
154 7
154 8
154 9
154 14
154 16
154 17
154 19
154 20
154 23
154 25
154 29
154 33
154 42
154 51
154 56
154 57
154 58
154 97
154 99
154 108
154 109
154 121
154 127
154 131
154 132
154 134
154 136
154 137
154 143
154 144
154 149
154 158
154 165
154 167
154 168
154 171
154 172
154 173
154 177
154 178
154 179
154 180
154 187
154 190
154 195
155 1
155 2
155 11
155 14
155 18
155 31
155 36
155 38
155 42
155 49
155 53
155 56
155 57
155 58
155 61
155 62
155 68
155 69
155 73
155 77
155 79
155 81
155 96
155 107
155 109
155 110
155 115
155 117
155 122
155 129
155 131
155 132
155 134
155 137
155 140
155 144
155 147
155 154
155 157
155 169
155 180
155 181
155 185
155 187
155 190
155 197
156 3
156 7
156 10
156 12
156 13
156 14
156 17
156 22
156 27
156 30
156 34
156 37
156 38
156 44
156 46
156 47
156 63
156 69
156 70
156 73
156 76
156 78
156 83
156 84
156 89
156 93
156 94
156 96
156 106
156 109
156 110
156 112
156 114
156 116
156 127
156 128
156 131
156 132
156 133
156 139
156 140
156 141
156 143
156 145
156 147
156 148
156 149
156 162
156 163
156 164
156 168
156 169
156 174
156 175
156 178
156 180
156 186
156 189
156 191
156 192
156 193
156 197
157 2
157 3
157 4
157 7
157 9
157 17
157 18
157 30
157 32
157 33
157 34
157 35
157 37
157 46
157 47
157 50
157 55
157 64
157 67
157 68
157 72
157 83
157 90
157 92
157 99
157 101
157 105
157 107
157 112
157 114
157 117
157 118
157 121
157 123
157 124
157 136
157 138
157 140
157 141
157 148
157 149
157 151
157 153
157 159
157 165
157 171
157 173
157 175
157 176
157 179
157 183
157 184
157 186
157 187
157 188
157 190
157 191
158 4
158 11
158 15
158 16
158 21
158 26
158 30
158 37
158 42
158 49
158 54
158 60
158 63
158 71
158 75
158 83
158 88
158 90
158 92
158 93
158 100
158 103
158 107
158 110
158 111
158 113
158 114
158 117
158 120
158 123
158 125
158 126
158 131
158 134
158 135
158 136
158 137
158 143
158 146
158 148
158 151
158 152
158 155
158 156
158 157
158 159
158 164
158 166
158 173
158 179
158 187
158 191
158 195
158 197
159 4
159 5
159 7
159 15
159 28
159 29
159 34
159 38
159 46
159 50
159 55
159 56
159 60
159 66
159 71
159 77
159 78
159 79
159 82
159 84
159 85
159 91
159 92
159 93
159 95
159 98
159 103
159 104
159 111
159 113
159 126
159 128
159 132
159 134
159 139
159 140
159 147
159 152
159 153
159 161
159 162
159 168
159 170
159 171
159 179
159 181
159 183
159 188
159 192
159 195
160 2
160 3
160 12
160 14
160 18
160 21
160 22
160 29
160 32
160 36
160 37
160 46
160 71
160 74
160 78
160 87
160 89
160 90
160 91
160 93
160 95
160 100
160 103
160 106
160 107
160 116
160 117
160 120
160 124
160 129
160 149
160 154
160 155
160 158
160 159
160 164
160 170
160 175
160 178
160 179
160 180
160 198
161 3
161 8
161 13
161 18
161 19
161 20
161 25
161 26
161 30
161 39
161 42
161 51
161 53
161 58
161 60
161 62
161 69
161 70
161 72
161 74
161 88
161 90
161 95
161 107
161 109
161 114
161 120
161 125
161 127
161 135
161 138
161 141
161 157
161 158
161 165
161 166
161 172
161 177
161 185
161 186
161 193
162 2
162 7
162 12
162 22
162 23
162 25
162 50
162 55
162 57
162 58
162 59
162 63
162 64
162 70
162 71
162 87
162 91
162 94
162 97
162 100
162 110
162 111
162 112
162 113
162 114
162 120
162 129
162 131
162 138
162 141
162 144
162 162
162 167
162 168
162 169
162 174
162 183
162 186
162 191
162 192
162 194
163 3
163 11
163 23
163 29
163 30
163 43
163 54
163 55
163 68
163 72
163 81
163 91
163 93
163 94
163 103
163 111
163 115
163 125
163 129
163 133
163 139
163 145
163 150
163 153
163 166
163 168
163 169
163 174
163 180
163 187
163 188
163 190
163 194
163 195
164 14
164 20
164 24
164 30
164 31
164 32
164 34
164 35
164 45
164 50
164 52
164 54
164 55
164 61
164 66
164 67
164 68
164 69
164 70
164 73
164 82
164 88
164 95
164 96
164 99
164 100
164 105
164 109
164 118
164 123
164 124
164 125
164 126
164 127
164 130
164 143
164 149
164 157
164 159
164 164
164 170
164 172
164 175
164 176
164 177
164 180
164 189
164 192
164 196
165 1
165 3
165 5
165 8
165 9
165 35
165 40
165 42
165 48
165 54
165 57
165 58
165 64
165 69
165 72
165 74
165 76
165 81
165 82
165 84
165 90
165 93
165 95
165 96
165 97
165 98
165 108
165 113
165 115
165 120
165 124
165 131
165 132
165 143
165 145
165 149
165 150
165 152
165 154
165 156
165 161
165 164
165 168
165 170
165 172
165 181
165 185
165 191
165 192
166 3
166 5
166 10
166 14
166 16
166 21
166 25
166 35
166 38
166 39
166 50
166 53
166 54
166 55
166 58
166 61
166 63
166 66
166 71
166 74
166 79
166 86
166 91
166 95
166 108
166 121
166 136
166 141
166 142
166 143
166 145
166 148
166 150
166 165
166 167
166 176
166 186
166 187
166 194
166 195
167 1
167 2
167 4
167 5
167 20
167 24
167 25
167 30
167 31
167 34
167 35
167 39
167 42
167 46
167 47
167 51
167 58
167 59
167 66
167 67
167 72
167 73
167 75
167 77
167 78
167 85
167 86
167 88
167 94
167 99
167 105
167 112
167 119
167 121
167 123
167 124
167 134
167 138
167 145
167 147
167 158
167 162
167 164
167 166
167 171
167 172
167 173
167 177
167 179
167 186
167 187
167 190
167 195
167 196
168 1
168 19
168 26
168 27
168 30
168 38
168 45
168 48
168 58
168 65
168 68
168 69
168 72
168 81
168 83
168 84
168 87
168 91
168 92
168 111
168 141
168 142
168 163
168 164
168 172
168 181
168 190
168 193
168 194
168 195
168 196
169 2
169 18
169 23
169 30
169 31
169 32
169 34
169 45
169 47
169 48
169 52
169 53
169 56
169 61
169 65
169 68
169 69
169 73
169 80
169 84
169 85
169 94
169 100
169 111
169 112
169 113
169 116
169 124
169 128
169 130
169 132
169 136
169 139
169 146
169 153
169 154
169 157
169 159
169 174
169 176
169 179
169 180
169 188
169 191
169 194
169 198
170 2
170 3
170 7
170 8
170 11
170 19
170 22
170 32
170 33
170 44
170 47
170 56
170 58
170 60
170 61
170 66
170 72
170 77
170 85
170 96
170 97
170 100
170 101
170 102
170 109
170 110
170 118
170 125
170 128
170 135
170 143
170 147
170 152
170 154
170 163
170 166
170 168
170 175
170 182
170 183
170 185
171 2
171 6
171 12
171 16
171 19
171 21
171 29
171 33
171 35
171 40
171 43
171 44
171 47
171 49
171 51
171 52
171 62
171 63
171 71
171 73
171 77
171 86
171 95
171 98
171 99
171 102
171 103
171 107
171 108
171 110
171 113
171 117
171 121
171 123
171 125
171 129
171 141
171 143
171 145
171 146
171 148
171 149
171 153
171 164
171 168
171 176
171 185
171 196
172 5
172 13
172 14
172 18
172 20
172 21
172 23
172 24
172 28
172 41
172 42
172 45
172 50
172 52
172 53
172 60
172 61
172 62
172 65
172 69
172 72
172 73
172 74
172 76
172 79
172 93
172 95
172 98
172 100
172 103
172 109
172 110
172 111
172 120
172 129
172 135
172 137
172 140
172 141
172 142
172 143
172 147
172 151
172 158
172 159
172 161
172 170
172 174
172 175
172 178
172 184
172 187
172 190
172 192
172 195
172 198
173 7
173 9
173 17
173 20
173 21
173 26
173 28
173 30
173 35
173 36
173 40
173 41
173 48
173 50
173 51
173 52
173 58
173 65
173 72
173 74
173 75
173 77
173 82
173 83
173 84
173 99
173 103
173 107
173 108
173 109
173 114
173 116
173 125
173 126
173 131
173 136
173 141
173 143
173 144
173 150
173 154
173 163
173 169
173 181
173 185
173 187
173 188
174 6
174 9
174 10
174 13
174 19
174 22
174 24
174 25
174 26
174 38
174 41
174 43
174 44
174 48
174 52
174 53
174 55
174 62
174 70
174 73
174 76
174 78
174 80
174 81
174 86
174 105
174 108
174 110
174 118
174 121
174 122
174 141
174 143
174 144
174 154
174 155
174 160
174 164
174 169
174 172
174 176
174 177
174 184
174 196
175 9
175 11
175 12
175 16
175 23
175 26
175 29
175 32
175 34
175 35
175 37
175 39
175 42
175 46
175 49
175 53
175 54
175 56
175 60
175 61
175 63
175 67
175 72
175 74
175 77
175 79
175 84
175 85
175 88
175 96
175 103
175 109
175 113
175 114
175 115
175 116
175 118
175 121
175 125
175 126
175 144
175 146
175 147
175 148
175 164
175 176
175 184
175 194
176 6
176 9
176 15
176 16
176 19
176 24
176 25
176 28
176 30
176 32
176 35
176 45
176 50
176 52
176 53
176 55
176 57
176 63
176 65
176 66
176 68
176 82
176 90
176 91
176 93
176 94
176 104
176 113
176 114
176 121
176 126
176 127
176 128
176 130
176 131
176 137
176 156
176 160
176 161
176 165
176 170
176 172
176 176
176 178
176 179
176 180
176 183
176 184
176 185
176 186
176 187
176 193
176 198
177 4
177 19
177 20
177 25
177 28
177 31
177 33
177 34
177 35
177 40
177 47
177 48
177 52
177 55
177 58
177 63
177 65
177 72
177 74
177 83
177 86
177 89
177 94
177 98
177 100
177 102
177 110
177 117
177 120
177 122
177 123
177 128
177 129
177 142
177 145
177 152
177 155
177 157
177 162
177 163
177 166
177 168
177 169
177 171
177 175
177 177
177 182
177 184
177 191
177 193
178 3
178 5
178 7
178 10
178 11
178 15
178 37
178 41
178 42
178 43
178 44
178 47
178 52
178 55
178 58
178 74
178 78
178 84
178 85
178 88
178 90
178 91
178 92
178 96
178 110
178 115
178 124
178 132
178 135
178 142
178 159
178 163
178 165
178 168
178 170
178 180
178 183
178 185
178 186
178 190
178 192
178 196
179 3
179 6
179 11
179 12
179 19
179 27
179 29
179 44
179 57
179 62
179 63
179 72
179 76
179 78
179 79
179 83
179 84
179 87
179 88
179 90
179 92
179 102
179 110
179 127
179 134
179 137
179 139
179 154
179 156
179 157
179 162
179 165
179 171
179 174
179 181
179 186
179 187
179 189
179 194
180 9
180 15
180 18
180 25
180 26
180 29
180 30
180 36
180 37
180 48
180 49
180 51
180 71
180 73
180 80
180 82
180 83
180 87
180 106
180 117
180 120
180 125
180 129
180 133
180 138
180 140
180 149
180 152
180 153
180 160
180 164
180 169
180 174
180 175
180 176
180 179
180 189
180 197
181 2
181 5
181 11
181 12
181 15
181 21
181 22
181 25
181 30
181 32
181 33
181 34
181 39
181 50
181 52
181 66
181 73
181 76
181 77
181 85
181 88
181 102
181 106
181 110
181 119
181 121
181 123
181 132
181 136
181 138
181 150
181 154
181 158
181 172
181 179
181 182
181 185
181 190
181 193
181 196
182 13
182 15
182 20
182 27
182 42
182 44
182 49
182 50
182 51
182 52
182 59
182 61
182 63
182 64
182 65
182 66
182 67
182 70
182 80
182 86
182 88
182 93
182 94
182 98
182 101
182 104
182 112
182 117
182 123
182 127
182 128
182 131
182 132
182 133
182 134
182 144
182 148
182 152
182 157
182 161
182 171
182 183
182 190
183 5
183 6
183 9
183 10
183 22
183 25
183 29
183 35
183 39
183 43
183 44
183 47
183 50
183 52
183 56
183 58
183 59
183 64
183 80
183 85
183 90
183 91
183 94
183 95
183 99
183 106
183 107
183 108
183 110
183 114
183 125
183 127
183 137
183 150
183 154
183 167
183 172
183 183
183 185
183 193
184 23
184 25
184 31
184 34
184 35
184 36
184 43
184 48
184 50
184 53
184 54
184 60
184 62
184 74
184 77
184 83
184 84
184 85
184 90
184 91
184 95
184 99
184 106
184 107
184 110
184 113
184 115
184 121
184 122
184 124
184 131
184 132
184 140
184 143
184 144
184 158
184 164
184 167
184 172
184 175
184 197
185 2
185 14
185 16
185 18
185 20
185 21
185 27
185 32
185 34
185 39
185 43
185 47
185 63
185 64
185 67
185 74
185 78
185 92
185 93
185 95
185 98
185 103
185 105
185 107
185 108
185 109
185 110
185 111
185 113
185 118
185 120
185 121
185 122
185 128
185 134
185 137
185 139
185 146
185 147
185 151
185 152
185 153
185 155
185 157
185 158
185 160
185 162
185 165
185 181
185 185
185 193
185 194
186 12
186 15
186 23
186 27
186 30
186 36
186 38
186 39
186 40
186 43
186 49
186 53
186 58
186 70
186 72
186 74
186 79
186 80
186 81
186 83
186 84
186 88
186 96
186 99
186 102
186 106
186 107
186 109
186 112
186 123
186 127
186 130
186 141
186 147
186 149
186 155
186 158
186 159
186 170
186 176
186 179
186 188
186 191
186 197
187 3
187 4
187 6
187 9
187 23
187 26
187 31
187 37
187 42
187 44
187 45
187 62
187 64
187 69
187 72
187 78
187 84
187 91
187 93
187 94
187 96
187 97
187 103
187 107
187 115
187 122
187 124
187 125
187 137
187 139
187 146
187 152
187 156
187 165
187 166
187 176
187 179
187 180
187 181
187 183
187 185
187 191
188 6
188 7
188 8
188 14
188 16
188 23
188 30
188 33
188 36
188 37
188 42
188 43
188 47
188 48
188 51
188 53
188 59
188 68
188 69
188 73
188 80
188 81
188 86
188 93
188 95
188 102
188 109
188 112
188 114
188 115
188 116
188 130
188 131
188 133
188 137
188 139
188 158
188 159
188 160
188 175
188 181
188 192
188 196
188 197
189 6
189 7
189 13
189 16
189 27
189 31
189 35
189 45
189 48
189 49
189 50
189 54
189 64
189 66
189 68
189 70
189 72
189 76
189 79
189 82
189 83
189 84
189 86
189 89
189 90
189 91
189 102
189 108
189 111
189 119
189 123
189 128
189 130
189 137
189 138
189 139
189 140
189 145
189 146
189 147
189 151
189 155
189 158
189 163
189 165
189 186
189 189
189 192
190 3
190 10
190 11
190 13
190 20
190 21
190 23
190 31
190 34
190 39
190 43
190 45
190 58
190 68
190 77
190 81
190 84
190 87
190 94
190 101
190 102
190 108
190 114
190 117
190 128
190 132
190 139
190 141
190 150
190 160
190 164
190 170
190 172
190 173
190 174
190 176
190 177
190 179
190 180
190 184
190 186
190 193
191 2
191 11
191 13
191 19
191 24
191 27
191 40
191 42
191 43
191 52
191 53
191 54
191 57
191 61
191 62
191 69
191 76
191 79
191 80
191 82
191 86
191 90
191 92
191 96
191 99
191 100
191 107
191 114
191 117
191 119
191 120
191 126
191 129
191 130
191 131
191 132
191 134
191 135
191 136
191 147
191 148
191 154
191 156
191 157
191 163
191 166
191 173
191 175
191 183
191 185
191 188
191 192
191 197
191 198
192 4
192 6
192 9
192 17
192 22
192 34
192 43
192 48
192 54
192 68
192 69
192 70
192 71
192 73
192 77
192 81
192 93
192 96
192 99
192 100
192 102
192 107
192 116
192 118
192 129
192 131
192 137
192 143
192 152
192 156
192 160
192 164
192 169
192 183
192 190
192 192
192 196
192 198
193 6
193 8
193 12
193 15
193 16
193 27
193 32
193 38
193 39
193 50
193 53
193 56
193 65
193 73
193 76
193 79
193 84
193 89
193 91
193 97
193 98
193 100
193 114
193 116
193 118
193 119
193 123
193 124
193 132
193 134
193 140
193 142
193 143
193 144
193 151
193 170
193 182
193 183
193 185
193 189
193 192
193 196
193 198
194 1
194 6
194 7
194 20
194 27
194 28
194 29
194 33
194 36
194 41
194 45
194 51
194 56
194 63
194 66
194 73
194 76
194 77
194 85
194 86
194 88
194 89
194 90
194 94
194 95
194 96
194 115
194 118
194 125
194 128
194 131
194 141
194 142
194 143
194 146
194 153
194 156
194 159
194 162
194 165
194 168
194 171
194 172
194 175
194 182
195 9
195 10
195 15
195 21
195 23
195 33
195 40
195 45
195 47
195 57
195 58
195 59
195 60
195 61
195 62
195 66
195 73
195 75
195 79
195 83
195 86
195 92
195 98
195 104
195 107
195 115
195 119
195 128
195 136
195 137
195 138
195 144
195 149
195 151
195 157
195 161
195 163
195 172
195 174
195 176
195 181
195 182
195 192
195 193
195 196
195 197
196 4
196 22
196 25
196 28
196 31
196 33
196 39
196 44
196 48
196 53
196 58
196 64
196 67
196 68
196 71
196 73
196 81
196 84
196 89
196 93
196 94
196 100
196 105
196 110
196 111
196 113
196 114
196 118
196 120
196 125
196 126
196 129
196 140
196 142
196 146
196 150
196 154
196 155
196 157
196 168
196 169
196 170
196 177
196 180
196 192
196 196
197 2
197 5
197 9
197 11
197 13
197 18
197 21
197 23
197 26
197 36
197 42
197 48
197 49
197 50
197 54
197 55
197 59
197 60
197 64
197 68
197 70
197 71
197 73
197 80
197 83
197 86
197 88
197 100
197 102
197 104
197 109
197 124
197 127
197 132
197 137
197 143
197 144
197 167
197 168
197 171
197 172
197 177
197 185
198 2
198 4
198 15
198 19
198 28
198 32
198 35
198 37
198 41
198 46
198 47
198 52
198 56
198 57
198 60
198 72
198 76
198 83
198 89
198 90
198 93
198 104
198 105
198 106
198 107
198 109
198 110
198 123
198 138
198 141
198 146
198 148
198 150
198 154
198 159
198 164
198 167
198 168
198 178
198 180
198 181
198 183
198 190
