50 50
1 1
48 48
1 9
1 10
1 11
1 14
1 21
1 29
1 33
1 36
1 38
1 44
1 46
2 2
2 9
2 23
2 31
2 34
2 38
2 41
2 42
2 47
3 2
3 6
3 10
3 16
3 17
3 39
3 45
4 12
4 17
4 22
4 23
4 25
4 28
4 32
4 33
4 44
5 1
5 2
5 6
5 7
5 8
5 12
5 13
5 24
5 26
5 28
5 38
5 40
5 42
5 45
5 46
5 47
6 5
6 9
6 13
6 22
6 23
6 24
6 25
6 29
6 31
6 48
7 3
7 5
7 11
7 12
7 13
7 18
7 25
7 35
7 39
7 40
7 41
7 43
8 3
8 4
8 5
8 12
8 21
8 24
8 26
8 31
8 34
8 37
8 47
9 15
9 26
9 41
9 46
10 5
10 6
10 7
10 9
10 17
10 22
10 28
10 29
10 31
10 35
10 39
10 42
10 43
10 48
11 2
11 3
11 5
11 8
11 10
11 13
11 17
11 25
11 26
11 29
11 30
11 35
11 36
11 46
11 48
12 3
12 4
12 10
12 16
12 23
12 40
12 45
12 48
13 1
13 5
13 9
13 16
13 28
13 30
13 31
13 33
13 45
13 48
14 6
14 10
14 13
14 16
14 17
14 21
14 30
14 33
14 34
14 38
14 40
14 41
14 43
14 46
14 48
15 4
15 14
15 23
15 24
15 42
15 44
15 45
15 46
16 2
16 21
16 30
16 39
16 40
16 42
16 44
17 3
17 4
17 7
17 16
17 19
17 20
17 23
17 24
17 25
17 28
17 30
17 36
17 39
17 42
17 46
18 7
18 9
18 13
18 15
18 17
18 18
18 20
18 30
18 36
18 38
18 45
19 1
19 12
19 19
19 24
19 28
19 31
19 36
19 37
19 41
19 42
19 44
19 45
20 6
20 7
20 24
20 30
20 37
20 38
20 43
20 45
20 46
20 48
21 4
21 6
21 7
21 13
21 28
21 29
21 32
21 35
21 36
21 37
21 38
21 46
21 48
22 1
22 3
22 4
22 5
22 14
22 17
22 20
22 21
22 27
22 35
22 41
22 45
22 46
23 7
23 8
23 10
23 23
23 24
23 25
23 28
23 33
23 35
23 44
23 46
24 4
24 8
24 14
24 20
24 22
24 25
24 27
24 43
24 44
24 45
24 48
25 2
25 3
25 4
25 9
25 22
25 26
25 27
25 41
26 1
26 4
26 5
26 11
26 13
26 14
26 24
26 26
26 27
26 28
26 30
26 32
26 37
26 38
26 39
26 40
26 42
27 3
27 5
27 8
27 12
27 15
27 18
27 26
27 32
27 33
27 37
27 38
27 45
28 1
28 2
28 3
28 7
28 11
28 16
28 24
28 25
28 33
28 34
28 35
28 40
28 42
28 44
28 45
28 46
29 15
29 17
29 22
29 32
29 34
29 35
29 38
29 40
29 48
30 2
30 12
30 20
30 22
30 26
30 32
30 36
31 1
31 15
31 19
31 24
31 28
31 38
31 40
31 42
31 45
31 46
31 48
32 3
32 14
32 21
32 27
32 28
32 32
32 35
32 37
32 41
32 42
32 44
33 3
33 10
33 12
33 19
33 20
33 29
33 31
33 32
33 48
34 2
34 3
34 5
34 19
34 26
34 31
34 32
34 41
34 42
34 47
34 48
35 7
35 10
35 17
35 18
35 26
35 27
35 29
35 30
35 32
35 33
35 34
35 36
35 43
35 44
36 4
36 8
36 9
36 13
36 14
36 15
36 16
36 17
36 33
36 39
37 2
37 10
37 12
37 13
37 20
37 25
37 27
37 29
37 36
37 41
37 45
38 1
38 6
38 9
38 10
38 12
38 13
38 25
38 27
38 35
38 36
38 38
38 43
39 1
39 7
39 11
39 21
39 22
39 23
39 24
39 25
39 27
39 31
39 40
39 46
40 1
40 8
40 13
40 24
40 26
40 27
40 33
40 42
40 44
41 1
41 7
41 8
41 9
41 16
41 21
41 24
41 26
41 27
41 30
41 38
41 42
41 47
42 1
42 8
42 13
42 16
42 19
42 22
42 27
42 29
42 35
42 37
42 39
42 42
42 44
43 2
43 3
43 5
43 7
43 9
43 14
43 15
43 23
43 25
43 29
43 31
43 32
43 38
43 45
43 47
43 48
44 2
44 5
44 8
44 9
44 16
44 18
44 22
44 25
44 32
44 38
44 43
44 46
44 47
45 5
45 13
45 14
45 17
45 18
45 20
45 21
45 23
45 28
45 32
45 36
45 37
45 44
46 5
46 7
46 9
46 15
46 18
46 21
46 23
46 27
46 28
46 33
46 34
46 39
46 43
47 2
47 7
47 12
47 13
47 14
47 18
47 19
47 24
47 26
47 29
47 30
47 41
47 47
48 6
48 9
48 14
48 32
48 33
48 35
48 37
48 44
